# x	y	u	v	mask
  0.2694	 10.2880	 -1.6736	  3.0524	  1.0000
  0.5387	 10.2880	 -1.8828	  3.0221	  1.0000
  0.8081	 10.2880	 -2.0738	  3.0691	  1.0000
  1.0775	 10.2880	 -2.0178	  3.0235	  1.0000
  1.3469	 10.2880	 -2.2112	  2.7786	  1.0000
  1.6162	 10.2880	 -3.1259	  3.3947	  0.0000
  1.8856	 10.2880	  1.9393	  1.5988	  0.0000
  2.1550	 10.2880	 -2.5965	  2.8457	  1.0000
  2.4244	 10.2880	 -2.3652	  2.9868	  0.0000
  2.6937	 10.2880	 -2.4314	  2.7166	  1.0000
  2.9631	 10.2880	  1.4626	 -0.1449	  0.0000
  3.2325	 10.2880	 -2.4774	  2.6306	  1.0000
  3.5019	 10.2880	 -2.4820	  3.1537	  0.0000
  3.7712	 10.2880	 -2.2386	  2.5661	  0.0000
  4.0406	 10.2880	 -2.1970	  2.3737	  1.0000
  4.3100	 10.2880	 -2.0967	  2.2843	  1.0000
  4.5794	 10.2880	 -2.0724	  2.2089	  1.0000
  4.8487	 10.2880	 -1.9985	  2.2000	  1.0000
  5.1181	 10.2880	 -1.8894	  2.1733	  1.0000
  5.3875	 10.2880	 -1.8416	  2.2127	  1.0000
  5.6569	 10.2880	 -1.3834	  2.8928	  0.0000
  5.9262	 10.2880	 -1.5736	  2.6353	  0.0000
  6.1956	 10.2880	 -1.5814	  2.4721	  0.0000
  6.4650	 10.2880	 -1.5942	  2.8986	  0.0000
  6.7344	 10.2880	 -1.5452	  3.2377	  0.0000
  7.0037	 10.2880	 -1.3740	  3.2825	  0.0000
  7.2731	 10.2880	 -1.3186	  3.0467	  0.0000
  7.5425	 10.2880	 -1.4020	  2.7680	  1.0000
  7.8119	 10.2880	 -1.0552	  2.6773	  0.0000
  8.0812	 10.2880	 -1.4035	  3.2050	  0.0000
  8.3506	 10.2880	 -1.3287	  3.3431	  0.0000
  8.6200	 10.2880	 -1.4361	  2.7373	  0.0000
  8.8893	 10.2880	 -1.5831	  2.2951	  0.0000
  9.1587	 10.2880	 -1.5694	  1.8747	  1.0000
  9.4281	 10.2880	 -1.9588	  2.4518	  0.0000
  9.6975	 10.2880	 -1.7942	  1.8174	  1.0000
  9.9668	 10.2880	 -1.5008	 -1.6787	  0.0000
 10.2362	 10.2880	 -1.8383	  1.7862	  1.0000
 10.5056	 10.2880	 -1.5532	  2.3359	  0.0000
 10.7750	 10.2880	 -1.3558	  2.5422	  0.0000
 11.0443	 10.2880	 -1.5447	  2.3742	  0.0000
 11.3137	 10.2880	 -1.6625	  2.1340	  0.0000
 11.5831	 10.2880	 -1.6325	  1.7262	  1.0000
 11.8525	 10.2880	 -1.6654	  1.6685	  1.0000
 12.1218	 10.2880	 -1.6742	  1.5946	  1.0000
 12.3912	 10.2880	 -1.6292	  1.5393	  1.0000
 12.6606	 10.2880	 -1.6172	  1.4624	  0.0000
 12.9300	 10.2880	 -1.3592	  1.5013	  1.0000
 13.1993	 10.2880	 -1.0642	  1.1851	  0.0000
 13.4687	 10.2880	 -0.9522	  1.5953	  0.0000
 13.7381	 10.2880	 -0.5111	  1.7190	  0.0000
 14.0075	 10.2880	 -0.4662	  1.9244	  0.0000
 14.2768	 10.2880	 -0.4362	  2.1607	  0.0000
 14.5462	 10.2880	 -0.7027	  0.6409	  1.0000
 14.8156	 10.2880	 -1.2813	 -0.9934	  0.0000
 15.0850	 10.2880	 -0.7589	  0.2086	  1.0000
 15.3543	 10.2880	  0.0518	  0.0122	  0.0000
  0.2694	 10.0186	  1.4865	  8.2633	  0.0000
  0.5387	 10.0186	 -2.0393	  3.0250	  1.0000
  0.8081	 10.0186	  5.7486	 -4.8513	  0.0000
  1.0775	 10.0186	 -3.0467	  3.0822	  0.0000
  1.3469	 10.0186	 -2.3191	  2.8457	  1.0000
  1.6162	 10.0186	 -3.4454	  4.1735	  0.0000
  1.8856	 10.0186	 -3.1042	  3.4183	  0.0000
  2.1550	 10.0186	 -2.6905	  2.8967	  1.0000
  2.4244	 10.0186	 -2.6868	  2.8538	  1.0000
  2.6937	 10.0186	 -2.7278	  2.5658	  0.0000
  2.9631	 10.0186	 -5.3243	  5.0474	  0.0000
  3.2325	 10.0186	 -2.5585	  2.5962	  1.0000
  3.5019	 10.0186	 -1.6557	  2.7567	  0.0000
  3.7712	 10.0186	 -2.3754	  2.4083	  1.0000
  4.0406	 10.0186	 -2.2626	  2.3120	  1.0000
  4.3100	 10.0186	 -2.1501	  2.2217	  1.0000
  4.5794	 10.0186	 -1.8601	  2.0284	  0.0000
  4.8487	 10.0186	 -1.8633	  2.0403	  0.0000
  5.1181	 10.0186	 -1.9448	  2.5782	  0.0000
  5.3875	 10.0186	 -1.6486	  2.4795	  0.0000
  5.6569	 10.0186	 -1.7108	  2.4052	  0.0000
  5.9262	 10.0186	 -1.3910	  2.6255	  0.0000
  6.1956	 10.0186	 -1.6811	  2.3580	  0.0000
  6.4650	 10.0186	 -1.4595	  1.9354	  0.0000
  6.7344	 10.0186	 -1.4281	  2.5533	  0.0000
  7.0037	 10.0186	 -1.5571	  2.0780	  0.0000
  7.2731	 10.0186	 -1.6207	  3.4903	  0.0000
  7.5425	 10.0186	 -1.2661	  2.9669	  0.0000
  7.8119	 10.0186	 -1.4280	  3.1298	  0.0000
  8.0812	 10.0186	 -1.2089	  2.6300	  0.0000
  8.3506	 10.0186	 -1.3671	  2.6654	  0.0000
  8.6200	 10.0186	 -1.4023	  2.8733	  0.0000
  8.8893	 10.0186	 -1.4742	  2.2022	  1.0000
  9.1587	 10.0186	 -1.5441	  1.9926	  1.0000
  9.4281	 10.0186	 -5.0334	 -1.5057	  0.0000
  9.6975	 10.0186	 -1.9613	  2.0529	  0.0000
  9.9668	 10.0186	 -2.0867	  1.9059	  0.0000
 10.2362	 10.0186	 -1.8241	  1.8409	  1.0000
 10.5056	 10.0186	 -1.6460	  2.3021	  0.0000
 10.7750	 10.0186	 -1.7434	  1.8249	  1.0000
 11.0443	 10.0186	 -1.5214	  2.4425	  0.0000
 11.3137	 10.0186	 -1.6644	  1.7723	  1.0000
 11.5831	 10.0186	 -1.7098	  1.7179	  1.0000
 11.8525	 10.0186	 -1.7398	  1.6752	  1.0000
 12.1218	 10.0186	  1.8809	 -1.4851	  0.0000
 12.3912	 10.0186	 -2.0274	  1.3693	  0.0000
 12.6606	 10.0186	 -1.9166	  1.4330	  0.0000
 12.9300	 10.0186	 -1.6474	  1.6099	  0.0000
 13.1993	 10.0186	 -1.3564	  1.6749	  1.0000
 13.4687	 10.0186	 -0.9769	  1.5487	  0.0000
 13.7381	 10.0186	 -0.9678	  1.5409	  1.0000
 14.0075	 10.0186	 -0.3279	  1.7703	  0.0000
 14.2768	 10.0186	 -0.8964	  1.0814	  1.0000
 14.5462	 10.0186	  0.7444	 -1.5031	  0.0000
 14.8156	 10.0186	 -1.4372	 -1.4238	  0.0000
 15.0850	 10.0186	 -3.9131	 -3.0637	  0.0000
 15.3543	 10.0186	 -0.0104	 -0.2185	  0.0000
  0.2694	  9.7493	 -3.7329	  4.0091	  0.0000
  0.5387	  9.7493	 -3.2321	  3.5542	  0.0000
  0.8081	  9.7493	 -2.9406	  3.5525	  0.0000
  1.0775	  9.7493	 -2.2902	  3.0940	  1.0000
  1.3469	  9.7493	 -2.5351	  2.7736	  0.0000
  1.6162	  9.7493	 -2.5078	  2.8313	  1.0000
  1.8856	  9.7493	 -2.7686	  3.0614	  0.0000
  2.1550	  9.7493	 -2.5135	  2.7657	  0.0000
  2.4244	  9.7493	 -2.7352	  2.8239	  1.0000
  2.6937	  9.7493	 -2.8136	  3.1635	  0.0000
  2.9631	  9.7493	 -3.2088	  2.7169	  0.0000
  3.2325	  9.7493	 -2.4633	  2.9267	  0.0000
  3.5019	  9.7493	 -1.8152	  2.6813	  0.0000
  3.7712	  9.7493	 -2.4135	  2.3253	  1.0000
  4.0406	  9.7493	 -2.5978	  3.0708	  0.0000
  4.3100	  9.7493	 -2.2000	  2.1411	  1.0000
  4.5794	  9.7493	 -1.5450	  1.6530	  0.0000
  4.8487	  9.7493	 -1.9097	  2.6113	  0.0000
  5.1181	  9.7493	 -1.9862	  1.7138	  0.0000
  5.3875	  9.7493	 -2.1006	  1.7739	  0.0000
  5.6569	  9.7493	 -2.0843	  1.9799	  0.0000
  5.9262	  9.7493	 -1.6690	  2.0538	  0.0000
  6.1956	  9.7493	 -1.7625	  2.4346	  0.0000
  6.4650	  9.7493	 -1.7749	  2.3670	  0.0000
  6.7344	  9.7493	 -1.5635	  2.4448	  0.0000
  7.0037	  9.7493	 -1.4955	  2.4853	  0.0000
  7.2731	  9.7493	 -1.4674	  2.6363	  1.0000
  7.5425	  9.7493	 -1.1532	  2.8081	  0.0000
  7.8119	  9.7493	 -1.1821	  2.6088	  0.0000
  8.0812	  9.7493	 -1.1716	  2.7089	  0.0000
  8.3506	  9.7493	 -1.4701	  2.4741	  0.0000
  8.6200	  9.7493	 -1.3850	  2.3120	  1.0000
  8.8893	  9.7493	 -1.1393	  2.3632	  0.0000
  9.1587	  9.7493	 -1.5553	  2.4641	  0.0000
  9.4281	  9.7493	 -1.6620	  2.0681	  0.0000
  9.6975	  9.7493	 -1.6550	  1.9228	  0.0000
  9.9668	  9.7493	 -1.8030	  1.5355	  0.0000
 10.2362	  9.7493	 -1.8001	  1.8740	  1.0000
 10.5056	  9.7493	 -1.7394	  1.8915	  1.0000
 10.7750	  9.7493	 -1.6249	  2.1860	  0.0000
 11.0443	  9.7493	 -1.5800	  2.1102	  0.0000
 11.3137	  9.7493	 -1.6125	  2.0037	  0.0000
 11.5831	  9.7493	 -1.7327	  1.5868	  0.0000
 11.8525	  9.7493	 -1.9276	  1.6818	  0.0000
 12.1218	  9.7493	 -1.8735	  1.6175	  0.0000
 12.3912	  9.7493	 -2.0083	  1.7636	  0.0000
 12.6606	  9.7493	 -1.9455	  1.7375	  0.0000
 12.9300	  9.7493	 -1.6935	  1.5606	  0.0000
 13.1993	  9.7493	 -1.3061	  1.6044	  0.0000
 13.4687	  9.7493	 -0.9985	  1.5146	  0.0000
 13.7381	  9.7493	 -0.4741	  1.5197	  0.0000
 14.0075	  9.7493	 -0.4245	  1.9602	  0.0000
 14.2768	  9.7493	 -0.5390	  2.0728	  0.0000
 14.5462	  9.7493	 -0.8180	  1.0161	  1.0000
 14.8156	  9.7493	 -0.8015	  0.9043	  1.0000
 15.0850	  9.7493	 -1.3867	 -0.9564	  0.0000
 15.3543	  9.7493	 -0.8440	  0.4011	  1.0000
  0.2694	  9.4799	 -2.1569	  3.1520	  1.0000
  0.5387	  9.4799	 -2.1792	  3.0579	  1.0000
  0.8081	  9.4799	 -2.3115	  3.1080	  1.0000
  1.0775	  9.4799	 -3.1973	  3.4051	  0.0000
  1.3469	  9.4799	 -3.8816	  3.4781	  0.0000
  1.6162	  9.4799	 -3.0327	  2.8941	  0.0000
  1.8856	  9.4799	 -2.7111	  2.9140	  1.0000
  2.1550	  9.4799	 -3.2114	  3.0240	  0.0000
  2.4244	  9.4799	 -3.1762	  2.2218	  0.0000
  2.6937	  9.4799	 -2.6717	  2.6523	  1.0000
  2.9631	  9.4799	 -3.2623	  2.6371	  0.0000
  3.2325	  9.4799	 -2.9273	  2.6909	  0.0000
  3.5019	  9.4799	 -1.9685	  1.7440	  0.0000
  3.7712	  9.4799	 -2.2847	  2.3629	  0.0000
  4.0406	  9.4799	 -2.6467	  2.6124	  0.0000
  4.3100	  9.4799	 -2.1774	  1.8774	  0.0000
  4.5794	  9.4799	 -2.1049	  1.8300	  1.0000
  4.8487	  9.4799	 -2.0180	  1.8704	  1.0000
  5.1181	  9.4799	 -1.8942	  1.8932	  1.0000
  5.3875	  9.4799	 -1.6872	  1.7026	  0.0000
  5.6569	  9.4799	 -2.1512	  2.1780	  0.0000
  5.9262	  9.4799	 -2.0099	  2.4328	  0.0000
  6.1956	  9.4799	 -2.3407	  2.5934	  0.0000
  6.4650	  9.4799	 -2.2606	  2.9954	  0.0000
  6.7344	  9.4799	 -1.6261	  2.6772	  0.0000
  7.0037	  9.4799	 -1.6101	  2.5611	  0.0000
  7.2731	  9.4799	 -1.5371	  2.7362	  0.0000
  7.5425	  9.4799	 -1.4549	  2.7087	  0.0000
  7.8119	  9.4799	 -1.4708	  2.4639	  0.0000
  8.0812	  9.4799	 -1.4727	  2.5986	  0.0000
  8.3506	  9.4799	 -1.2592	  2.4772	  1.0000
  8.6200	  9.4799	  1.7657	 -1.3766	  0.0000
  8.8893	  9.4799	 -1.1866	  2.6568	  0.0000
  9.1587	  9.4799	 -1.4316	  2.2176	  0.0000
  9.4281	  9.4799	 -1.6281	  2.3600	  0.0000
  9.6975	  9.4799	 -1.6784	  2.0468	  1.0000
  9.9668	  9.4799	 -1.7634	  2.0481	  0.0000
 10.2362	  9.4799	 -1.9954	  2.0165	  0.0000
 10.5056	  9.4799	 -1.7420	  1.9251	  1.0000
 10.7750	  9.4799	 -1.7317	  1.8115	  0.0000
 11.0443	  9.4799	 -1.6367	  1.8105	  0.0000
 11.3137	  9.4799	 -1.8109	  1.6295	  0.0000
 11.5831	  9.4799	 -2.0051	  1.6662	  0.0000
 11.8525	  9.4799	 -2.0911	  1.9328	  0.0000
 12.1218	  9.4799	 -2.1922	  1.8129	  0.0000
 12.3912	  9.4799	 -2.1796	  1.8541	  0.0000
 12.6606	  9.4799	 -1.8956	  2.1099	  0.0000
 12.9300	  9.4799	 -1.8382	  2.0125	  0.0000
 13.1993	  9.4799	 -1.7481	  1.5213	  0.0000
 13.4687	  9.4799	 -1.1433	  1.5048	  0.0000
 13.7381	  9.4799	 -0.9276	  1.5955	  0.0000
 14.0075	  9.4799	 -0.4058	  1.6623	  0.0000
 14.2768	  9.4799	 -0.4303	  2.2747	  0.0000
 14.5462	  9.4799	 -0.8812	  1.1880	  1.0000
 14.8156	  9.4799	 -0.8630	  1.0928	  1.0000
 15.0850	  9.4799	 -0.8736	  0.9281	  1.0000
 15.3543	  9.4799	  0.7478	 -0.9535	  0.0000
  0.2694	  9.2105	 -3.1448	  2.7947	  0.0000
  0.5387	  9.2105	 -2.2705	  3.0494	  1.0000
  0.8081	  9.2105	 -2.9883	  3.2982	  0.0000
  1.0775	  9.2105	 -2.4644	  3.0865	  1.0000
  1.3469	  9.2105	 -2.5395	  2.9541	  1.0000
  1.6162	  9.2105	 -3.0742	  3.9067	  0.0000
  1.8856	  9.2105	 -2.8401	  2.8826	  1.0000
  2.1550	  9.2105	 -3.0732	  2.6159	  0.0000
  2.4244	  9.2105	 -3.2209	  2.3874	  0.0000
  2.6937	  9.2105	 -3.2498	  3.4748	  0.0000
  2.9631	  9.2105	 -3.3698	  3.4972	  0.0000
  3.2325	  9.2105	 -2.8523	  2.1669	  0.0000
  3.5019	  9.2105	 -2.2120	  1.6655	  0.0000
  3.7712	  9.2105	 -2.3289	  1.7054	  0.0000
  4.0406	  9.2105	 -2.9461	  2.3105	  0.0000
  4.3100	  9.2105	 -2.7570	  2.3370	  0.0000
  4.5794	  9.2105	 -2.6074	  2.5798	  0.0000
  4.8487	  9.2105	 -1.9640	  1.7236	  1.0000
  5.1181	  9.2105	 -1.7796	  1.6174	  1.0000
  5.3875	  9.2105	 -1.7406	  2.8646	  0.0000
  5.6569	  9.2105	 -2.1101	  2.8658	  0.0000
  5.9262	  9.2105	 -1.7785	  2.3705	  0.0000
  6.1956	  9.2105	 -1.3731	  2.1942	  1.0000
  6.4650	  9.2105	 -2.0952	  2.6150	  0.0000
  6.7344	  9.2105	 -1.9068	  1.9052	  0.0000
  7.0037	  9.2105	 -1.6242	  2.5449	  0.0000
  7.2731	  9.2105	 -1.3218	  2.5037	  1.0000
  7.5425	  9.2105	 -1.3961	  2.5803	  1.0000
  7.8119	  9.2105	 -1.3716	  2.5744	  0.0000
  8.0812	  9.2105	 -1.1737	  2.1176	  0.0000
  8.3506	  9.2105	 -1.2364	  2.4835	  1.0000
  8.6200	  9.2105	 -1.2346	  2.5020	  0.0000
  8.8893	  9.2105	 -1.2347	  2.6584	  0.0000
  9.1587	  9.2105	 -1.4616	  2.7879	  0.0000
  9.4281	  9.2105	 -1.4369	  2.2774	  0.0000
  9.6975	  9.2105	 -1.7856	  2.4183	  0.0000
  9.9668	  9.2105	 -1.7246	  2.1128	  0.0000
 10.2362	  9.2105	 -1.7886	  2.0368	  1.0000
 10.5056	  9.2105	 -1.7480	  1.9761	  0.0000
 10.7750	  9.2105	 -1.9446	  1.8840	  0.0000
 11.0443	  9.2105	 -1.9213	  1.7169	  0.0000
 11.3137	  9.2105	 -1.9027	  1.6056	  0.0000
 11.5831	  9.2105	 -2.1083	  1.4406	  0.0000
 11.8525	  9.2105	 -2.1237	  1.4637	  0.0000
 12.1218	  9.2105	 -1.9914	  1.6376	  0.0000
 12.3912	  9.2105	 -2.1413	  2.0440	  0.0000
 12.6606	  9.2105	 -2.0745	  2.0058	  0.0000
 12.9300	  9.2105	 -1.8615	  1.9261	  0.0000
 13.1993	  9.2105	 -1.8673	  1.9941	  0.0000
 13.4687	  9.2105	 -1.3919	  1.6351	  0.0000
 13.7381	  9.2105	 -1.2300	  1.5646	  0.0000
 14.0075	  9.2105	 -1.0994	  1.6189	  0.0000
 14.2768	  9.2105	 -0.9158	  2.2123	  0.0000
 14.5462	  9.2105	 -1.0138	  1.3635	  1.0000
 14.8156	  9.2105	 -0.9964	  3.1181	  0.0000
 15.0850	  9.2105	 -0.9824	  1.1363	  1.0000
 15.3543	  9.2105	 -0.1714	 -0.1021	  0.0000
  0.2694	  8.9412	 -2.6603	  3.2019	  1.0000
  0.5387	  8.9412	 -2.7648	  3.8729	  0.0000
  0.8081	  8.9412	 -3.1401	  2.5775	  0.0000
  1.0775	  8.9412	 -2.8673	  3.5915	  0.0000
  1.3469	  8.9412	 -2.7243	  3.1703	  1.0000
  1.6162	  8.9412	 -2.6706	  3.4001	  0.0000
  1.8856	  8.9412	 -3.2366	  3.2919	  0.0000
  2.1550	  8.9412	 -3.0496	  3.0455	  0.0000
  2.4244	  8.9412	 -3.3646	  2.5124	  0.0000
  2.6937	  8.9412	 -3.5099	  2.1515	  0.0000
  2.9631	  8.9412	 -3.0811	  2.1951	  0.0000
  3.2325	  8.9412	 -1.9247	  2.1259	  0.0000
  3.5019	  8.9412	 -2.5650	  1.9439	  1.0000
  3.7712	  8.9412	 -2.9452	  1.7382	  0.0000
  4.0406	  8.9412	 -3.0701	  1.7464	  0.0000
  4.3100	  8.9412	 -3.0550	  2.0474	  0.0000
  4.5794	  8.9412	 -1.5460	  1.5389	  0.0000
  4.8487	  8.9412	 -2.0134	  1.6978	  1.0000
  5.1181	  8.9412	 -1.8270	  1.5893	  1.0000
  5.3875	  8.9412	 -1.4416	  1.7702	  0.0000
  5.6569	  8.9412	 -1.3920	  1.8503	  1.0000
  5.9262	  8.9412	 -2.1115	  2.8522	  0.0000
  6.1956	  8.9412	 -2.2144	  2.7198	  0.0000
  6.4650	  8.9412	 -1.1709	  2.3623	  1.0000
  6.7344	  8.9412	 -1.7766	  2.5932	  0.0000
  7.0037	  8.9412	 -1.7352	  2.5116	  0.0000
  7.2731	  8.9412	 -1.5208	  2.3918	  0.0000
  7.5425	  8.9412	 -1.1964	  2.6543	  1.0000
  7.8119	  8.9412	 -1.0936	  2.5723	  1.0000
  8.0812	  8.9412	 -1.3405	  2.0148	  0.0000
  8.3506	  8.9412	 -1.3570	  2.2350	  0.0000
  8.6200	  8.9412	 -1.2129	  2.1277	  0.0000
  8.8893	  8.9412	 -1.2226	  2.5938	  0.0000
  9.1587	  8.9412	 -1.3515	  2.7918	  0.0000
  9.4281	  8.9412	 -1.4519	  2.4503	  0.0000
  9.6975	  8.9412	 -1.6327	  2.2362	  0.0000
  9.9668	  8.9412	 -1.6397	  2.1987	  0.0000
 10.2362	  8.9412	 -1.6978	  1.9748	  0.0000
 10.5056	  8.9412	 -1.6049	  1.8779	  0.0000
 10.7750	  8.9412	 -1.6715	  1.7695	  0.0000
 11.0443	  8.9412	 -2.0620	  1.7668	  0.0000
 11.3137	  8.9412	 -1.9815	  1.6894	  0.0000
 11.5831	  8.9412	 -2.0450	  1.6548	  0.0000
 11.8525	  8.9412	 -2.2965	  1.3496	  0.0000
 12.1218	  8.9412	 -2.3230	  1.6178	  0.0000
 12.3912	  8.9412	 -2.3789	  1.6857	  0.0000
 12.6606	  8.9412	 -2.1465	  1.9704	  0.0000
 12.9300	  8.9412	 -1.9288	  1.8282	  1.0000
 13.1993	  8.9412	 -1.9120	  2.0602	  0.0000
 13.4687	  8.9412	 -1.5873	  1.9029	  0.0000
 13.7381	  8.9412	 -1.3994	  2.1020	  0.0000
 14.0075	  8.9412	 -1.4068	  2.0108	  0.0000
 14.2768	  8.9412	 -1.2317	  2.1349	  0.0000
 14.5462	  8.9412	 -0.9927	  2.2247	  0.0000
 14.8156	  8.9412	 -0.9665	  2.4334	  0.0000
 15.0850	  8.9412	 -0.7935	  3.3198	  0.0000
 15.3543	  8.9412	 -1.4265	 -0.4411	  0.0000
  0.2694	  8.6718	 -3.0983	  3.1589	  0.0000
  0.5387	  8.6718	 -3.2735	  3.4848	  0.0000
  0.8081	  8.6718	 -2.0722	  4.0548	  0.0000
  1.0775	  8.6718	 -2.6364	  3.0668	  1.0000
  1.3469	  8.6718	  0.3658	  0.9472	  0.0000
  1.6162	  8.6718	 -2.9495	  2.9877	  0.0000
  1.8856	  8.6718	 -2.8544	  2.7857	  1.0000
  2.1550	  8.6718	 -3.0471	  3.1477	  0.0000
  2.4244	  8.6718	 -3.1951	  2.7694	  0.0000
  2.6937	  8.6718	 -3.4485	  2.2873	  0.0000
  2.9631	  8.6718	 -2.9396	  3.1177	  0.0000
  3.2325	  8.6718	 -2.4721	  1.7548	  1.0000
  3.5019	  8.6718	 -3.1233	  2.0509	  0.0000
  3.7712	  8.6718	 -1.4484	  0.8576	  0.0000
  4.0406	  8.6718	 -2.2127	  1.4642	  1.0000
  4.3100	  8.6718	 -7.8374	 -1.5835	  0.0000
  4.5794	  8.6718	 -2.1787	  1.6803	  1.0000
  4.8487	  8.6718	 -2.0661	  1.7322	  1.0000
  5.1181	  8.6718	  2.6188	 -4.7845	  0.0000
  5.3875	  8.6718	  0.2344	  1.6047	  0.0000
  5.6569	  8.6718	 -1.4174	  1.9235	  1.0000
  5.9262	  8.6718	 -1.3362	  2.0377	  1.0000
  6.1956	  8.6718	 -1.3703	  2.2858	  1.0000
  6.4650	  8.6718	  4.3107	 -1.4440	  0.0000
  6.7344	  8.6718	 -1.1334	  2.4962	  1.0000
  7.0037	  8.6718	 -1.4385	  2.7940	  0.0000
  7.2731	  8.6718	 -1.3628	  2.5667	  0.0000
  7.5425	  8.6718	 -1.4314	  2.5255	  0.0000
  7.8119	  8.6718	 -1.0971	  2.6433	  1.0000
  8.0812	  8.6718	 -1.3546	  2.3821	  0.0000
  8.3506	  8.6718	 -1.2244	  2.2539	  0.0000
  8.6200	  8.6718	 -1.2883	  2.5713	  0.0000
  8.8893	  8.6718	 -1.2826	  2.6996	  0.0000
  9.1587	  8.6718	 -1.1523	  2.7758	  0.0000
  9.4281	  8.6718	 -1.3816	  2.4841	  1.0000
  9.6975	  8.6718	 -1.5114	  2.4797	  1.0000
  9.9668	  8.6718	 -1.6052	  2.3398	  0.0000
 10.2362	  8.6718	 -1.6803	  2.0929	  0.0000
 10.5056	  8.6718	 -1.6190	  2.0959	  0.0000
 10.7750	  8.6718	 -1.7840	  1.9934	  0.0000
 11.0443	  8.6718	 -2.0724	  1.9553	  0.0000
 11.3137	  8.6718	 -2.0361	  1.8984	  1.0000
 11.5831	  8.6718	 -2.1672	  1.7232	  0.0000
 11.8525	  8.6718	 -2.2708	  1.5593	  0.0000
 12.1218	  8.6718	 -2.3213	  1.6332	  0.0000
 12.3912	  8.6718	 -2.3394	  1.6422	  0.0000
 12.6606	  8.6718	 -2.2311	  1.7169	  0.0000
 12.9300	  8.6718	 -2.1158	  1.6814	  0.0000
 13.1993	  8.6718	 -1.9985	  1.7371	  0.0000
 13.4687	  8.6718	 -1.8514	  2.1220	  0.0000
 13.7381	  8.6718	 -1.4276	  2.1922	  0.0000
 14.0075	  8.6718	 -1.5392	  2.4655	  0.0000
 14.2768	  8.6718	 -1.4914	  2.3457	  0.0000
 14.5462	  8.6718	 -1.1600	  2.3799	  0.0000
 14.8156	  8.6718	 -1.0100	  2.3051	  0.0000
 15.0850	  8.6718	 -1.1183	  1.8868	  1.0000
 15.3543	  8.6718	 -1.0637	  1.7528	  1.0000
  0.2694	  8.4024	 -3.0581	  2.6703	  0.0000
  0.5387	  8.4024	 -2.6803	  1.6651	  0.0000
  0.8081	  8.4024	 -2.2911	  2.9725	  1.0000
  1.0775	  8.4024	 -1.3149	  3.2021	  0.0000
  1.3469	  8.4024	 -3.0333	  4.0281	  0.0000
  1.6162	  8.4024	 -2.7355	  2.8933	  1.0000
  1.8856	  8.4024	 -3.0397	  3.1459	  0.0000
  2.1550	  8.4024	 -2.6147	  3.3542	  0.0000
  2.4244	  8.4024	 -3.4743	 -0.9628	  0.0000
  2.6937	  8.4024	 -2.6329	  2.0693	  1.0000
  2.9631	  8.4024	 -2.7378	  1.8796	  0.0000
  3.2325	  8.4024	  1.5080	 -2.9055	  0.0000
  3.5019	  8.4024	 -2.5320	  1.7049	  1.0000
  3.7712	  8.4024	 -2.3732	  1.6208	  1.0000
  4.0406	  8.4024	 -2.2549	  1.5120	  1.0000
  4.3100	  8.4024	 -2.2782	  1.4944	  1.0000
  4.5794	  8.4024	  1.1041	 -1.4693	  0.0000
  4.8487	  8.4024	 -2.0947	  1.7828	  1.0000
  5.1181	  8.4024	 -2.0395	  2.4343	  0.0000
  5.3875	  8.4024	 -1.6098	  1.8961	  1.0000
  5.6569	  8.4024	 -1.4133	  1.9461	  1.0000
  5.9262	  8.4024	  1.3240	 -4.7296	  0.0000
  6.1956	  8.4024	  1.6406	  5.2762	  0.0000
  6.4650	  8.4024	 -1.1560	  2.4250	  1.0000
  6.7344	  8.4024	 -1.5458	  2.9642	  0.0000
  7.0037	  8.4024	 -1.5725	  2.8098	  0.0000
  7.2731	  8.4024	 -1.4191	  2.8723	  0.0000
  7.5425	  8.4024	 -1.2513	  2.5748	  0.0000
  7.8119	  8.4024	 -1.2363	  2.6915	  0.0000
  8.0812	  8.4024	 -1.2488	  2.6950	  0.0000
  8.3506	  8.4024	 -1.2904	  2.5133	  0.0000
  8.6200	  8.4024	 -1.3314	  2.8394	  0.0000
  8.8893	  8.4024	 -1.0625	  2.9275	  0.0000
  9.1587	  8.4024	 -1.2500	  2.9125	  0.0000
  9.4281	  8.4024	 -1.4222	  2.8234	  0.0000
  9.6975	  8.4024	 -1.5900	  2.5378	  0.0000
  9.9668	  8.4024	 -1.5764	  2.4467	  0.0000
 10.2362	  8.4024	 -1.6311	  2.3256	  0.0000
 10.5056	  8.4024	 -1.8121	  2.4152	  0.0000
 10.7750	  8.4024	 -1.8986	  2.4079	  0.0000
 11.0443	  8.4024	 -2.0994	  2.1969	  0.0000
 11.3137	  8.4024	 -2.2939	  2.0029	  0.0000
 11.5831	  8.4024	 -2.0769	  1.8121	  0.0000
 11.8525	  8.4024	 -2.2372	  1.6370	  0.0000
 12.1218	  8.4024	 -2.3861	  1.7799	  0.0000
 12.3912	  8.4024	 -2.4823	  1.7462	  0.0000
 12.6606	  8.4024	 -2.3304	  1.5631	  0.0000
 12.9300	  8.4024	 -2.1908	  1.6630	  0.0000
 13.1993	  8.4024	 -2.1430	  1.8526	  0.0000
 13.4687	  8.4024	 -2.0112	  2.0833	  0.0000
 13.7381	  8.4024	 -2.0482	  2.4665	  0.0000
 14.0075	  8.4024	 -1.6227	  2.4899	  0.0000
 14.2768	  8.4024	 -1.4822	  2.5664	  0.0000
 14.5462	  8.4024	 -1.5176	  2.7375	  0.0000
 14.8156	  8.4024	 -1.1914	  2.4380	  0.0000
 15.0850	  8.4024	 -1.1028	  2.5432	  0.0000
 15.3543	  8.4024	 -1.5316	 -1.5242	  0.0000
  0.2694	  8.1330	 -2.1655	  2.8035	  1.0000
  0.5387	  8.1330	 -2.1560	  2.7838	  1.0000
  0.8081	  8.1330	 -3.0389	  3.3727	  0.0000
  1.0775	  8.1330	 -2.2449	  3.7735	  0.0000
  1.3469	  8.1330	 -3.1667	  6.2229	  0.0000
  1.6162	  8.1330	 -2.6574	  2.8326	  1.0000
  1.8856	  8.1330	 -3.7190	  3.6349	  0.0000
  2.1550	  8.1330	 -2.8446	  2.6086	  1.0000
  2.4244	  8.1330	 -3.3834	  1.9868	  0.0000
  2.6937	  8.1330	 -2.6165	  2.0677	  1.0000
  2.9631	  8.1330	 -3.0520	  2.8441	  0.0000
  3.2325	  8.1330	  3.1139	 -1.5945	  0.0000
  3.5019	  8.1330	 -2.5442	  1.7461	  1.0000
  3.7712	  8.1330	 -2.3929	  1.6833	  1.0000
  4.0406	  8.1330	 -2.7623	  2.4642	  0.0000
  4.3100	  8.1330	 -3.0352	  2.3457	  0.0000
  4.5794	  8.1330	 -2.9783	  2.7857	  0.0000
  4.8487	  8.1330	 -2.0931	  1.7933	  1.0000
  5.1181	  8.1330	 -1.9429	  1.7290	  1.0000
  5.3875	  8.1330	 -1.6330	  1.8998	  1.0000
  5.6569	  8.1330	 -1.4362	  1.9527	  1.0000
  5.9262	  8.1330	 -1.7651	  2.6149	  0.0000
  6.1956	  8.1330	 -1.3830	  2.3007	  1.0000
  6.4650	  8.1330	 -1.1804	  2.4520	  1.0000
  6.7344	  8.1330	 -1.6531	  2.9285	  0.0000
  7.0037	  8.1330	 -1.4811	  3.0440	  0.0000
  7.2731	  8.1330	  8.2010	  5.2227	  0.0000
  7.5425	  8.1330	 -1.1212	  2.7581	  0.0000
  7.8119	  8.1330	 -1.0691	  2.9393	  0.0000
  8.0812	  8.1330	 -1.4415	  3.0730	  0.0000
  8.3506	  8.1330	 -1.5232	  3.1733	  0.0000
  8.6200	  8.1330	 -1.4341	  3.0188	  0.0000
  8.8893	  8.1330	 -1.0177	  2.8747	  0.0000
  9.1587	  8.1330	 -1.1463	  2.7077	  0.0000
  9.4281	  8.1330	 -1.4716	  3.0355	  0.0000
  9.6975	  8.1330	 -1.6130	  2.9104	  0.0000
  9.9668	  8.1330	 -1.5488	  2.5052	  0.0000
 10.2362	  8.1330	 -1.6747	  2.2236	  0.0000
 10.5056	  8.1330	 -1.7810	  1.8883	  0.0000
 10.7750	  8.1330	 -2.0251	  2.3847	  0.0000
 11.0443	  8.1330	 -2.0091	  2.2318	  0.0000
 11.3137	  8.1330	 -2.2470	  2.0900	  0.0000
 11.5831	  8.1330	 -2.1329	  1.9284	  0.0000
 11.8525	  8.1330	 -2.1452	  1.8274	  0.0000
 12.1218	  8.1330	 -2.3851	  1.9357	  0.0000
 12.3912	  8.1330	 -2.4222	  2.0165	  0.0000
 12.6606	  8.1330	 -2.4385	  1.9025	  0.0000
 12.9300	  8.1330	 -2.4125	  1.9615	  0.0000
 13.1993	  8.1330	 -2.1030	  1.8041	  0.0000
 13.4687	  8.1330	 -2.2509	  2.1595	  0.0000
 13.7381	  8.1330	 -2.1652	  2.2206	  0.0000
 14.0075	  8.1330	 -2.0661	  2.5806	  0.0000
 14.2768	  8.1330	 -1.6994	  2.3888	  1.0000
 14.5462	  8.1330	 -1.5303	  2.7295	  0.0000
 14.8156	  8.1330	 -1.4963	  2.2501	  1.0000
 15.0850	  8.1330	 -1.0605	  2.1364	  0.0000
 15.3543	  8.1330	 -1.1432	  2.5851	  0.0000
  0.2694	  7.8637	 -1.8460	  2.6072	  1.0000
  0.5387	  7.8637	 -2.2026	  2.9859	  0.0000
  0.8081	  7.8637	 -3.1049	  3.5659	  0.0000
  1.0775	  7.8637	 -2.0865	  2.8608	  1.0000
  1.3469	  7.8637	 -1.5098	 -1.3911	  0.0000
  1.6162	  7.8637	 -2.7440	  2.8593	  0.0000
  1.8856	  7.8637	 -2.5754	  2.7974	  1.0000
  2.1550	  7.8637	 -3.0065	  2.3807	  0.0000
  2.4244	  7.8637	 -3.1002	  2.6660	  0.0000
  2.6937	  7.8637	 -3.2433	  2.1847	  0.0000
  2.9631	  7.8637	 -2.6152	  2.5027	  0.0000
  3.2325	  7.8637	 -2.7833	  3.0814	  0.0000
  3.5019	  7.8637	  2.5622	 -7.6412	  0.0000
  3.7712	  7.8637	 -3.0822	  2.8483	  0.0000
  4.0406	  7.8637	 -2.2120	  1.7012	  1.0000
  4.3100	  7.8637	 -2.8936	  2.5246	  0.0000
  4.5794	  7.8637	 -2.9408	  2.2617	  0.0000
  4.8487	  7.8637	 -2.4284	  2.2295	  0.0000
  5.1181	  7.8637	 -2.5012	  2.5637	  0.0000
  5.3875	  7.8637	 -2.0681	  2.6662	  0.0000
  5.6569	  7.8637	 -2.0630	  2.7774	  0.0000
  5.9262	  7.8637	 -2.1178	  2.4961	  0.0000
  6.1956	  7.8637	 -1.7953	  2.7103	  0.0000
  6.4650	  7.8637	 -1.5600	  3.0766	  0.0000
  6.7344	  7.8637	 -1.6431	  2.8424	  0.0000
  7.0037	  7.8637	 -1.5830	  2.6143	  0.0000
  7.2731	  7.8637	 -1.4593	  3.0276	  0.0000
  7.5425	  7.8637	 -1.2964	  2.9239	  1.0000
  7.8119	  7.8637	 -1.3581	  3.0270	  0.0000
  8.0812	  7.8637	 -1.3514	  3.4737	  0.0000
  8.3506	  7.8637	 -1.4959	  3.1657	  0.0000
  8.6200	  7.8637	 -1.0032	  3.2751	  0.0000
  8.8893	  7.8637	 -0.8439	  3.5489	  0.0000
  9.1587	  7.8637	 -1.3037	  3.1034	  0.0000
  9.4281	  7.8637	 -1.6104	  2.9535	  0.0000
  9.6975	  7.8637	 -1.5442	  2.8447	  0.0000
  9.9668	  7.8637	 -1.4502	  2.7065	  0.0000
 10.2362	  7.8637	 -1.4824	  2.5599	  0.0000
 10.5056	  7.8637	 -1.8036	  2.5669	  0.0000
 10.7750	  7.8637	 -1.9554	  2.4935	  0.0000
 11.0443	  7.8637	 -2.0213	  2.2521	  0.0000
 11.3137	  7.8637	 -2.2656	  2.3053	  0.0000
 11.5831	  7.8637	 -2.1775	  2.0309	  0.0000
 11.8525	  7.8637	 -2.4405	  1.9123	  0.0000
 12.1218	  7.8637	 -2.3719	  2.0256	  0.0000
 12.3912	  7.8637	 -2.3737	  1.9180	  1.0000
 12.6606	  7.8637	 -2.4196	  2.1646	  0.0000
 12.9300	  7.8637	 -2.4501	  2.1562	  0.0000
 13.1993	  7.8637	 -2.5438	  2.2017	  0.0000
 13.4687	  7.8637	 -2.3765	  2.2825	  0.0000
 13.7381	  7.8637	 -2.4057	  2.6210	  0.0000
 14.0075	  7.8637	 -2.1521	  2.6127	  0.0000
 14.2768	  7.8637	 -2.0976	  2.9892	  0.0000
 14.5462	  7.8637	 -1.6369	  2.4449	  0.0000
 14.8156	  7.8637	 -1.2767	  1.9863	  0.0000
 15.0850	  7.8637	 -1.4701	  2.4253	  0.0000
 15.3543	  7.8637	 -1.2270	  2.3688	  0.0000
  0.2694	  7.5943	  5.1871	  1.4633	  0.0000
  0.5387	  7.5943	 -0.5789	  1.6147	  0.0000
  0.8081	  7.5943	 -1.9530	  2.6504	  1.0000
  1.0775	  7.5943	 -2.8081	  3.6625	  0.0000
  1.3469	  7.5943	 -2.3364	  2.8386	  1.0000
  1.6162	  7.5943	 -2.6234	  2.9264	  0.0000
  1.8856	  7.5943	 -2.7843	  2.5873	  0.0000
  2.1550	  7.5943	 -3.0092	  2.5485	  0.0000
  2.4244	  7.5943	 -2.8038	  2.8414	  0.0000
  2.6937	  7.5943	 -3.1475	  1.9904	  0.0000
  2.9631	  7.5943	 -3.5650	  2.7932	  0.0000
  3.2325	  7.5943	 -3.0966	  3.3085	  0.0000
  3.5019	  7.5943	 -2.2509	  1.9291	  1.0000
  3.7712	  7.5943	 -2.9927	  2.2821	  0.0000
  4.0406	  7.5943	 -2.0490	  1.9203	  1.0000
  4.3100	  7.5943	 -2.7207	  2.5646	  0.0000
  4.5794	  7.5943	 -2.8437	  2.6482	  0.0000
  4.8487	  7.5943	 -2.4023	  2.4913	  0.0000
  5.1181	  7.5943	 -2.1704	  2.2093	  0.0000
  5.3875	  7.5943	 -2.1379	  2.1976	  0.0000
  5.6569	  7.5943	 -1.8916	  2.1976	  0.0000
  5.9262	  7.5943	 -2.0087	  2.3529	  0.0000
  6.1956	  7.5943	 -1.8869	  2.4472	  0.0000
  6.4650	  7.5943	 -1.7015	  2.7991	  0.0000
  6.7344	  7.5943	 -1.6029	  2.7585	  0.0000
  7.0037	  7.5943	 -1.6765	  2.8505	  0.0000
  7.2731	  7.5943	 -1.6706	  2.7027	  0.0000
  7.5425	  7.5943	 -1.5396	  3.0014	  0.0000
  7.8119	  7.5943	 -1.4365	  2.9763	  0.0000
  8.0812	  7.5943	 -1.2000	  3.1510	  0.0000
  8.3506	  7.5943	 -1.2806	  3.4633	  0.0000
  8.6200	  7.5943	 -1.3519	  3.5766	  0.0000
  8.8893	  7.5943	 -1.5995	  2.8824	  1.0000
  9.1587	  7.5943	 -1.5421	  3.3514	  0.0000
  9.4281	  7.5943	 -1.4574	  3.3800	  0.0000
  9.6975	  7.5943	 -1.6442	  3.1165	  0.0000
  9.9668	  7.5943	 -1.7384	  2.6416	  1.0000
 10.2362	  7.5943	 -1.4375	  3.0632	  0.0000
 10.5056	  7.5943	 -1.6009	  2.7777	  0.0000
 10.7750	  7.5943	 -1.7431	  2.8722	  0.0000
 11.0443	  7.5943	 -2.1298	  2.1632	  0.0000
 11.3137	  7.5943	 -2.2407	  2.1410	  0.0000
 11.5831	  7.5943	 -2.2455	  1.9407	  0.0000
 11.8525	  7.5943	 -2.4572	  2.0440	  0.0000
 12.1218	  7.5943	 -2.4883	  1.9350	  0.0000
 12.3912	  7.5943	 -2.5573	  1.8924	  0.0000
 12.6606	  7.5943	 -2.4409	  2.0108	  1.0000
 12.9300	  7.5943	 -2.4402	  2.0386	  1.0000
 13.1993	  7.5943	 -2.6532	  2.5229	  0.0000
 13.4687	  7.5943	 -2.6772	  2.5729	  0.0000
 13.7381	  7.5943	 -2.1652	  2.2100	  1.0000
 14.0075	  7.5943	 -2.1859	  2.4881	  0.0000
 14.2768	  7.5943	 -2.1081	  2.6137	  0.0000
 14.5462	  7.5943	 -1.6354	  2.5579	  0.0000
 14.8156	  7.5943	 -1.6160	  2.1817	  1.0000
 15.0850	  7.5943	 -1.5142	  2.1452	  1.0000
 15.3543	  7.5943	 -1.1206	  2.1143	  0.0000
  0.2694	  7.3249	 -2.8401	 -0.0358	  0.0000
  0.5387	  7.3249	 -3.1470	  2.3868	  0.0000
  0.8081	  7.3249	 -1.9020	  1.5508	  0.0000
  1.0775	  7.3249	 -2.0214	  2.6310	  1.0000
  1.3469	  7.3249	 -2.2833	  2.7776	  1.0000
  1.6162	  7.3249	 -2.2144	  2.9773	  0.0000
  1.8856	  7.3249	 -2.6176	  2.9285	  0.0000
  2.1550	  7.3249	 -3.0209	  2.5137	  0.0000
  2.4244	  7.3249	 -2.4112	  2.5691	  1.0000
  2.6937	  7.3249	 -2.7342	  2.3186	  0.0000
  2.9631	  7.3249	 -3.1668	  2.5262	  0.0000
  3.2325	  7.3249	 -3.1831	  2.5737	  0.0000
  3.5019	  7.3249	 -2.9509	  3.1953	  0.0000
  3.7712	  7.3249	 -2.8242	  3.1965	  0.0000
  4.0406	  7.3249	 -3.0008	  2.6632	  0.0000
  4.3100	  7.3249	 -2.4499	  2.7018	  0.0000
  4.5794	  7.3249	 -2.4667	  2.4663	  0.0000
  4.8487	  7.3249	 -1.6496	  2.2816	  0.0000
  5.1181	  7.3249	 -1.9343	  2.0717	  0.0000
  5.3875	  7.3249	 -2.3359	  2.0983	  0.0000
  5.6569	  7.3249	 -1.9397	  2.3862	  0.0000
  5.9262	  7.3249	 -2.0100	  2.3975	  1.0000
  6.1956	  7.3249	 -2.0757	  2.5004	  0.0000
  6.4650	  7.3249	 -1.9413	  2.6452	  0.0000
  6.7344	  7.3249	 -1.8110	  2.8860	  0.0000
  7.0037	  7.3249	 -1.8860	  2.6600	  0.0000
  7.2731	  7.3249	 -1.7363	  2.7842	  0.0000
  7.5425	  7.3249	 -1.6375	  2.6287	  0.0000
  7.8119	  7.3249	 -1.5185	  3.1942	  0.0000
  8.0812	  7.3249	 -1.5623	  3.3804	  0.0000
  8.3506	  7.3249	 -1.0938	  3.6145	  0.0000
  8.6200	  7.3249	 -1.4457	  3.6117	  0.0000
  8.8893	  7.3249	 -1.4970	  3.3883	  0.0000
  9.1587	  7.3249	 -1.5299	  3.0508	  0.0000
  9.4281	  7.3249	 -1.5711	  3.2917	  0.0000
  9.6975	  7.3249	 -1.5390	  3.1057	  0.0000
  9.9668	  7.3249	 -1.4833	  3.3523	  0.0000
 10.2362	  7.3249	 -1.6297	  2.9365	  0.0000
 10.5056	  7.3249	 -1.6912	  2.3221	  0.0000
 10.7750	  7.3249	 -1.8546	  2.6633	  0.0000
 11.0443	  7.3249	 -1.7510	  2.0903	  0.0000
 11.3137	  7.3249	 -2.0426	  2.2555	  0.0000
 11.5831	  7.3249	 -2.2279	  2.1031	  0.0000
 11.8525	  7.3249	 -2.4497	  2.1625	  0.0000
 12.1218	  7.3249	 -2.4376	  1.9933	  0.0000
 12.3912	  7.3249	 -2.5119	  1.7507	  0.0000
 12.6606	  7.3249	 -2.5836	  1.7808	  0.0000
 12.9300	  7.3249	 -2.7330	  1.9367	  0.0000
 13.1993	  7.3249	 -2.6227	  2.0525	  0.0000
 13.4687	  7.3249	 -2.6055	  2.2657	  0.0000
 13.7381	  7.3249	 -2.4634	  2.3681	  0.0000
 14.0075	  7.3249	 -2.1553	  1.9904	  1.0000
 14.2768	  7.3249	 -2.1719	  2.6396	  0.0000
 14.5462	  7.3249	 -1.9378	  3.0650	  0.0000
 14.8156	  7.3249	 -1.8546	  2.8423	  0.0000
 15.0850	  7.3249	 -1.6477	  1.9526	  1.0000
 15.3543	  7.3249	 -1.4919	  2.0904	  1.0000
  0.2694	  7.0555	 -1.3467	 -1.4106	  0.0000
  0.5387	  7.0555	 -1.8485	  1.6863	  1.0000
  0.8081	  7.0555	  2.2616	  5.9308	  0.0000
  1.0775	  7.0555	 -1.8702	  2.1351	  1.0000
  1.3469	  7.0555	 -3.2001	  5.9043	  0.0000
  1.6162	  7.0555	  1.3847	  7.6637	  0.0000
  1.8856	  7.0555	 -2.9582	  2.5728	  0.0000
  2.1550	  7.0555	 -2.8987	  2.0325	  0.0000
  2.4244	  7.0555	 -1.9855	  3.0608	  0.0000
  2.6937	  7.0555	 -2.0410	  2.1198	  0.0000
  2.9631	  7.0555	 -3.0718	  2.5662	  0.0000
  3.2325	  7.0555	 -2.3121	  2.9888	  0.0000
  3.5019	  7.0555	 -2.0663	  2.2232	  1.0000
  3.7712	  7.0555	 -2.1755	  2.7617	  0.0000
  4.0406	  7.0555	 -1.7262	  2.1047	  0.0000
  4.3100	  7.0555	 -1.9473	  2.2094	  1.0000
  4.5794	  7.0555	 -2.2054	  2.7306	  0.0000
  4.8487	  7.0555	 -1.7904	  2.5181	  0.0000
  5.1181	  7.0555	 -2.0871	  2.5462	  0.0000
  5.3875	  7.0555	 -2.5854	  2.1539	  0.0000
  5.6569	  7.0555	 -2.3924	  2.1644	  0.0000
  5.9262	  7.0555	 -2.2041	  2.2236	  0.0000
  6.1956	  7.0555	 -2.1526	  2.2632	  0.0000
  6.4650	  7.0555	 -2.2784	  2.5649	  0.0000
  6.7344	  7.0555	 -2.0732	  2.8194	  0.0000
  7.0037	  7.0555	 -1.9711	  2.9542	  0.0000
  7.2731	  7.0555	 -1.8687	  2.7234	  1.0000
  7.5425	  7.0555	 -1.9819	  3.0072	  0.0000
  7.8119	  7.0555	 -1.7765	  2.8607	  1.0000
  8.0812	  7.0555	 -1.7501	  2.7509	  0.0000
  8.3506	  7.0555	 -1.6485	  3.0493	  0.0000
  8.6200	  7.0555	 -1.6490	  3.2543	  0.0000
  8.8893	  7.0555	 -1.6280	  3.4446	  0.0000
  9.1587	  7.0555	 -1.5105	  3.5198	  0.0000
  9.4281	  7.0555	 -1.6691	  3.4436	  0.0000
  9.6975	  7.0555	 -1.5723	  3.4617	  0.0000
  9.9668	  7.0555	 -1.6134	  3.1473	  0.0000
 10.2362	  7.0555	 -1.5776	  3.0382	  0.0000
 10.5056	  7.0555	 -1.6861	  3.1011	  0.0000
 10.7750	  7.0555	 -1.8826	  3.0224	  0.0000
 11.0443	  7.0555	 -1.8000	  2.8114	  0.0000
 11.3137	  7.0555	 -2.0669	  2.4477	  0.0000
 11.5831	  7.0555	 -2.0538	  2.0945	  0.0000
 11.8525	  7.0555	 -2.4102	  2.4315	  0.0000
 12.1218	  7.0555	 -2.3093	  1.9559	  0.0000
 12.3912	  7.0555	 -2.3239	  1.9818	  0.0000
 12.6606	  7.0555	 -2.5855	  1.9121	  0.0000
 12.9300	  7.0555	 -2.6952	  1.8574	  0.0000
 13.1993	  7.0555	 -2.9732	  2.0530	  0.0000
 13.4687	  7.0555	 -2.4970	  1.9650	  1.0000
 13.7381	  7.0555	 -2.5506	  1.9015	  0.0000
 14.0075	  7.0555	 -2.3284	  2.4544	  0.0000
 14.2768	  7.0555	 -2.3998	  2.9241	  0.0000
 14.5462	  7.0555	 -2.0847	  2.9775	  0.0000
 14.8156	  7.0555	 -1.7680	  1.9880	  0.0000
 15.0850	  7.0555	 -1.7816	  1.9231	  1.0000
 15.3543	  7.0555	 -1.4265	  1.9867	  0.0000
  0.2694	  6.7862	 -1.7434	  3.0882	  0.0000
  0.5387	  6.7862	 -1.5267	 -0.6941	  0.0000
  0.8081	  6.7862	 -5.5758	 -2.3773	  0.0000
  1.0775	  6.7862	 -2.4181	  3.5886	  0.0000
  1.3469	  6.7862	 -1.9853	  2.2457	  1.0000
  1.6162	  6.7862	 -0.9215	  3.6811	  0.0000
  1.8856	  6.7862	 -2.3072	  2.8684	  1.0000
  2.1550	  6.7862	 -2.3669	  2.8111	  1.0000
  2.4244	  6.7862	 -2.9321	  1.4655	  0.0000
  2.6937	  6.7862	 -1.5926	 -0.7616	  0.0000
  2.9631	  6.7862	 -2.3016	  2.5271	  1.0000
  3.2325	  6.7862	 -2.1026	  3.0067	  0.0000
  3.5019	  6.7862	 -2.0802	  2.5235	  1.0000
  3.7712	  6.7862	 -2.1249	  2.5888	  0.0000
  4.0406	  6.7862	 -1.5098	  3.3764	  0.0000
  4.3100	  6.7862	 -1.9074	  2.4288	  1.0000
  4.5794	  6.7862	 -2.0145	  2.3224	  0.0000
  4.8487	  6.7862	 -1.6620	  2.2053	  0.0000
  5.1181	  6.7862	 -2.2207	  2.4669	  0.0000
  5.3875	  6.7862	 -2.4047	  2.2074	  0.0000
  5.6569	  6.7862	 -2.1672	  1.9686	  1.0000
  5.9262	  6.7862	 -1.9692	  2.4128	  0.0000
  6.1956	  6.7862	 -2.1303	  2.5008	  0.0000
  6.4650	  6.7862	 -2.4334	  2.4254	  0.0000
  6.7344	  6.7862	 -2.2010	  2.4419	  0.0000
  7.0037	  6.7862	 -2.0249	  2.5902	  0.0000
  7.2731	  6.7862	 -2.0174	  2.9430	  0.0000
  7.5425	  6.7862	 -1.9319	  2.6784	  1.0000
  7.8119	  6.7862	 -1.8577	  2.7844	  0.0000
  8.0812	  6.7862	 -1.7668	  2.6941	  0.0000
  8.3506	  6.7862	 -1.9418	  2.9798	  0.0000
  8.6200	  6.7862	 -2.0051	  3.1542	  0.0000
  8.8893	  6.7862	 -2.0947	  3.1542	  0.0000
  9.1587	  6.7862	 -7.3975	 -8.3169	  0.0000
  9.4281	  6.7862	 -1.9083	  2.7249	  1.0000
  9.6975	  6.7862	 -1.5236	  3.1415	  0.0000
  9.9668	  6.7862	 -1.6431	  3.2138	  0.0000
 10.2362	  6.7862	 -1.6386	  3.1805	  0.0000
 10.5056	  6.7862	 -1.6723	  3.0871	  0.0000
 10.7750	  6.7862	 -1.8325	  2.9946	  0.0000
 11.0443	  6.7862	 -1.9451	  2.8108	  0.0000
 11.3137	  6.7862	 -1.9154	  2.8274	  0.0000
 11.5831	  6.7862	 -2.1194	  2.4386	  0.0000
 11.8525	  6.7862	 -2.0865	  2.3676	  0.0000
 12.1218	  6.7862	 -2.2589	  2.3512	  0.0000
 12.3912	  6.7862	 -2.2890	  2.2471	  0.0000
 12.6606	  6.7862	 -2.4585	  2.2042	  0.0000
 12.9300	  6.7862	 -2.7022	  2.1117	  0.0000
 13.1993	  6.7862	 -2.7719	  1.8475	  0.0000
 13.4687	  6.7862	 -2.6346	  1.6968	  0.0000
 13.7381	  6.7862	 -2.4032	  1.9388	  1.0000
 14.0075	  6.7862	 -2.3273	  1.9701	  1.0000
 14.2768	  6.7862	 -2.2059	  1.9738	  1.0000
 14.5462	  6.7862	  2.0647	 -1.7271	  0.0000
 14.8156	  6.7862	 -1.6564	  1.7048	  0.0000
 15.0850	  6.7862	 -1.6916	  1.9546	  0.0000
 15.3543	  6.7862	 -1.5530	  2.0665	  0.0000
  0.2694	  6.5168	 -1.9988	  1.3421	  1.0000
  0.5387	  6.5168	 -2.1247	  1.7611	  1.0000
  0.8081	  6.5168	 -1.9559	  2.0813	  1.0000
  1.0775	  6.5168	 -2.3888	  3.7189	  0.0000
  1.3469	  6.5168	 -2.4730	  3.2055	  0.0000
  1.6162	  6.5168	 -1.5913	  2.9035	  0.0000
  1.8856	  6.5168	 -2.1764	  2.9285	  0.0000
  2.1550	  6.5168	 -2.2306	  1.8568	  0.0000
  2.4244	  6.5168	 -2.2534	  1.8831	  0.0000
  2.6937	  6.5168	 -1.7508	  2.4461	  1.0000
  2.9631	  6.5168	 -1.8790	  2.4545	  1.0000
  3.2325	  6.5168	 -1.7408	  2.4799	  1.0000
  3.5019	  6.5168	 -1.9915	  2.9756	  0.0000
  3.7712	  6.5168	 -1.7545	  2.4897	  1.0000
  4.0406	  6.5168	  1.0063	  1.2048	  0.0000
  4.3100	  6.5168	 -1.7747	  2.4302	  1.0000
  4.5794	  6.5168	 -1.7023	  1.8143	  0.0000
  4.8487	  6.5168	 -1.7614	  1.8866	  0.0000
  5.1181	  6.5168	 -2.3993	  2.7047	  0.0000
  5.3875	  6.5168	 -2.1267	  1.8859	  1.0000
  5.6569	  6.5168	 -1.9615	  2.1590	  0.0000
  5.9262	  6.5168	 -1.9507	  1.7741	  0.0000
  6.1956	  6.5168	 -2.2555	  2.2223	  0.0000
  6.4650	  6.5168	 -2.0362	  2.2064	  1.0000
  6.7344	  6.5168	 -2.2871	  2.1977	  0.0000
  7.0037	  6.5168	 -2.3358	  2.4890	  0.0000
  7.2731	  6.5168	 -2.1524	  2.8329	  0.0000
  7.5425	  6.5168	 -2.1850	  2.6734	  0.0000
  7.8119	  6.5168	 -1.9847	  2.6031	  0.0000
  8.0812	  6.5168	 -2.1789	  2.3652	  0.0000
  8.3506	  6.5168	 -2.1652	  2.5492	  0.0000
  8.6200	  6.5168	 -2.0354	  2.6842	  0.0000
  8.8893	  6.5168	 -2.0896	  2.7018	  0.0000
  9.1587	  6.5168	 -2.1086	  2.7230	  0.0000
  9.4281	  6.5168	 -1.9915	  2.8969	  0.0000
  9.6975	  6.5168	 -1.7103	  3.0283	  0.0000
  9.9668	  6.5168	 -1.7738	  3.0437	  0.0000
 10.2362	  6.5168	 -1.9001	  3.2649	  0.0000
 10.5056	  6.5168	 -1.7339	  2.9314	  0.0000
 10.7750	  6.5168	 -1.7168	  2.9370	  0.0000
 11.0443	  6.5168	 -1.7356	  3.1268	  0.0000
 11.3137	  6.5168	 -1.9260	  3.1378	  0.0000
 11.5831	  6.5168	 -2.0445	  2.9444	  0.0000
 11.8525	  6.5168	 -2.0871	  2.4623	  0.0000
 12.1218	  6.5168	 -2.2651	  2.2284	  0.0000
 12.3912	  6.5168	 -2.3016	  2.3513	  0.0000
 12.6606	  6.5168	 -2.2921	  2.0611	  0.0000
 12.9300	  6.5168	 -2.4947	  2.0801	  0.0000
 13.1993	  6.5168	 -2.5261	  1.6490	  0.0000
 13.4687	  6.5168	 -2.6444	  1.6594	  0.0000
 13.7381	  6.5168	 -2.7484	  1.5622	  0.0000
 14.0075	  6.5168	 -2.6567	  1.4500	  0.0000
 14.2768	  6.5168	 -3.1608	 -5.7527	  0.0000
 14.5462	  6.5168	 -2.3848	  1.7121	  0.0000
 14.8156	  6.5168	 -2.2445	  1.8617	  0.0000
 15.0850	  6.5168	 -1.9797	  2.1373	  0.0000
 15.3543	  6.5168	 -1.7290	  2.0640	  0.0000
  0.2694	  6.2474	 -3.2567	  3.3472	  0.0000
  0.5387	  6.2474	 -6.1781	 -6.8494	  0.0000
  0.8081	  6.2474	  4.3935	 -7.1213	  0.0000
  1.0775	  6.2474	 -1.3464	  2.4865	  1.0000
  1.3469	  6.2474	 -2.8657	  3.3076	  0.0000
  1.6162	  6.2474	 -1.2871	  2.7117	  1.0000
  1.8856	  6.2474	 -1.4438	  2.9298	  1.0000
  2.1550	  6.2474	 -1.4531	  2.8681	  1.0000
  2.4244	  6.2474	 -2.2669	  2.6779	  0.0000
  2.6937	  6.2474	 -1.9232	  2.5649	  0.0000
  2.9631	  6.2474	 -1.7098	  2.6210	  0.0000
  3.2325	  6.2474	 -1.0598	  2.7667	  0.0000
  3.5019	  6.2474	  1.3693	  1.3593	  0.0000
  3.7712	  6.2474	 -1.5719	  2.6028	  0.0000
  4.0406	  6.2474	 -1.5146	  2.3118	  1.0000
  4.3100	  6.2474	 -1.5971	  2.2613	  1.0000
  4.5794	  6.2474	 -1.6211	  2.6554	  0.0000
  4.8487	  6.2474	 -2.0825	  2.6206	  0.0000
  5.1181	  6.2474	 -2.3441	  2.6650	  0.0000
  5.3875	  6.2474	 -2.0523	  1.6860	  1.0000
  5.6569	  6.2474	 -2.1092	  1.6760	  1.0000
  5.9262	  6.2474	 -2.1319	  1.6220	  0.0000
  6.1956	  6.2474	 -2.2154	  2.1470	  0.0000
  6.4650	  6.2474	 -2.2649	  2.2725	  0.0000
  6.7344	  6.2474	 -2.2124	  2.1798	  0.0000
  7.0037	  6.2474	 -2.2632	  2.0626	  0.0000
  7.2731	  6.2474	 -2.2815	  2.1657	  0.0000
  7.5425	  6.2474	 -2.1040	  2.4961	  0.0000
  7.8119	  6.2474	 -2.1083	  2.6717	  0.0000
  8.0812	  6.2474	 -2.0731	  2.4849	  1.0000
  8.3506	  6.2474	 -2.2394	  2.2591	  0.0000
  8.6200	  6.2474	 -2.1734	  2.2556	  0.0000
  8.8893	  6.2474	 -2.1439	  2.3700	  0.0000
  9.1587	  6.2474	 -2.1965	  2.2932	  0.0000
  9.4281	  6.2474	 -2.0575	  2.5369	  0.0000
  9.6975	  6.2474	 -2.0450	  3.0209	  0.0000
  9.9668	  6.2474	 -1.8301	  2.6552	  0.0000
 10.2362	  6.2474	 -1.7982	  2.8198	  0.0000
 10.5056	  6.2474	 -1.6882	  3.1352	  0.0000
 10.7750	  6.2474	 -1.9529	  3.2838	  0.0000
 11.0443	  6.2474	 -1.7123	  3.1495	  0.0000
 11.3137	  6.2474	 -1.6962	  2.9944	  0.0000
 11.5831	  6.2474	 -1.7349	  2.8287	  0.0000
 11.8525	  6.2474	 -2.0228	  2.9405	  0.0000
 12.1218	  6.2474	 -2.1646	  2.6549	  1.0000
 12.3912	  6.2474	 -2.4386	  2.4470	  0.0000
 12.6606	  6.2474	 -2.3862	  2.1068	  0.0000
 12.9300	  6.2474	 -2.4444	  2.1571	  0.0000
 13.1993	  6.2474	 -2.5235	  2.1586	  0.0000
 13.4687	  6.2474	 -2.7358	  1.9960	  0.0000
 13.7381	  6.2474	 -2.7289	  2.0458	  0.0000
 14.0075	  6.2474	 -2.4666	  1.7667	  0.0000
 14.2768	  6.2474	 -2.4437	  2.0494	  0.0000
 14.5462	  6.2474	 -2.4753	  2.0181	  0.0000
 14.8156	  6.2474	 -2.4994	  2.4568	  0.0000
 15.0850	  6.2474	 -2.1352	  2.2426	  0.0000
 15.3543	  6.2474	 -2.0616	  2.3766	  0.0000
  0.2694	  5.9780	 -3.6549	  4.1465	  0.0000
  0.5387	  5.9780	  0.3934	 -2.6031	  0.0000
  0.8081	  5.9780	 -2.0820	  4.0252	  0.0000
  1.0775	  5.9780	 -1.3269	  2.4795	  1.0000
  1.3469	  5.9780	 -2.2823	  2.9697	  0.0000
  1.6162	  5.9780	 -2.4234	  3.0996	  0.0000
  1.8856	  5.9780	 -2.6293	  2.9583	  0.0000
  2.1550	  5.9780	 -2.3423	  1.7402	  0.0000
  2.4244	  5.9780	 -2.5499	  1.7994	  0.0000
  2.6937	  5.9780	 -7.2750	  7.1290	  0.0000
  2.9631	  5.9780	 -0.9883	  2.4420	  0.0000
  3.2325	  5.9780	 -1.4268	  2.9702	  0.0000
  3.5019	  5.9780	 -1.3472	  2.2723	  1.0000
  3.7712	  5.9780	 -1.3327	  2.8374	  0.0000
  4.0406	  5.9780	 -1.4725	  2.7637	  0.0000
  4.3100	  5.9780	 -1.2192	  1.5245	  0.0000
  4.5794	  5.9780	 -1.6866	  2.5778	  0.0000
  4.8487	  5.9780	 -2.2664	  2.4462	  0.0000
  5.1181	  5.9780	 -2.3251	  2.8340	  0.0000
  5.3875	  5.9780	 -8.8610	 -8.4324	  0.0000
  5.6569	  5.9780	 -2.0794	  1.5753	  1.0000
  5.9262	  5.9780	 -2.0847	  2.1920	  0.0000
  6.1956	  5.9780	  2.1868	 -1.5809	  0.0000
  6.4650	  5.9780	 -2.3829	  2.0287	  0.0000
  6.7344	  5.9780	 -2.2314	  2.0894	  0.0000
  7.0037	  5.9780	 -2.1907	  2.1828	  0.0000
  7.2731	  5.9780	 -2.2724	  2.2846	  0.0000
  7.5425	  5.9780	 -2.2406	  2.3562	  0.0000
  7.8119	  5.9780	 -2.2188	  2.3737	  0.0000
  8.0812	  5.9780	 -2.2330	  2.4826	  0.0000
  8.3506	  5.9780	 -2.2210	  2.1016	  1.0000
  8.6200	  5.9780	 -2.2222	  2.0214	  0.0000
  8.8893	  5.9780	 -2.3278	  2.1186	  0.0000
  9.1587	  5.9780	 -2.0920	  2.2264	  0.0000
  9.4281	  5.9780	 -2.0912	  2.6343	  0.0000
  9.6975	  5.9780	 -1.9419	  2.7272	  0.0000
  9.9668	  5.9780	 -2.1056	  2.4273	  1.0000
 10.2362	  5.9780	 -1.9736	  2.7617	  0.0000
 10.5056	  5.9780	 -1.9667	  2.6838	  0.0000
 10.7750	  5.9780	 -1.9001	  3.1276	  0.0000
 11.0443	  5.9780	 -1.8298	  3.3032	  0.0000
 11.3137	  5.9780	 -1.7981	  3.1940	  0.0000
 11.5831	  5.9780	 -1.6485	  3.1883	  0.0000
 11.8525	  5.9780	 -1.7879	  3.1378	  0.0000
 12.1218	  5.9780	 -2.0286	  3.0033	  0.0000
 12.3912	  5.9780	 -2.2183	  2.6646	  1.0000
 12.6606	  5.9780	 -2.4156	  2.5545	  0.0000
 12.9300	  5.9780	 -2.4615	  2.1989	  0.0000
 13.1993	  5.9780	 -2.5816	  2.1357	  0.0000
 13.4687	  5.9780	 -2.6768	  2.1381	  0.0000
 13.7381	  5.9780	 -2.4872	  2.2509	  0.0000
 14.0075	  5.9780	 -2.6247	  2.6455	  0.0000
 14.2768	  5.9780	 -2.6121	  2.9101	  0.0000
 14.5462	  5.9780	 -2.6961	  2.9380	  0.0000
 14.8156	  5.9780	 -2.6753	  2.8523	  0.0000
 15.0850	  5.9780	 -1.9947	  2.3109	  0.0000
 15.3543	  5.9780	 -2.0909	  2.4339	  0.0000
  0.2694	  5.7087	 -3.8030	  3.3254	  0.0000
  0.5387	  5.7087	 -3.3887	  3.5087	  0.0000
  0.8081	  5.7087	 -1.7365	  2.4648	  0.0000
  1.0775	  5.7087	 -1.6355	  1.7289	  0.0000
  1.3469	  5.7087	 -3.2267	  3.6396	  0.0000
  1.6162	  5.7087	 -0.9416	  2.7081	  1.0000
  1.8856	  5.7087	  7.8246	  1.5543	  0.0000
  2.1550	  5.7087	 -2.0458	  2.1322	  0.0000
  2.4244	  5.7087	  6.3782	  0.5036	  0.0000
  2.6937	  5.7087	  0.3631	  2.7712	  0.0000
  2.9631	  5.7087	 -1.2787	  2.0605	  0.0000
  3.2325	  5.7087	 -1.3894	  1.5731	  0.0000
  3.5019	  5.7087	 -1.2930	  2.2787	  1.0000
  3.7712	  5.7087	 -0.9630	  2.8173	  0.0000
  4.0406	  5.7087	 -1.4716	  2.8731	  0.0000
  4.3100	  5.7087	 -1.3465	  2.3268	  0.0000
  4.5794	  5.7087	 -1.6720	  2.4201	  0.0000
  4.8487	  5.7087	 -2.2377	  1.9485	  0.0000
  5.1181	  5.7087	 -1.9196	  1.5266	  1.0000
  5.3875	  5.7087	 -1.9207	  1.4461	  1.0000
  5.6569	  5.7087	 -1.9827	  1.4516	  1.0000
  5.9262	  5.7087	 -2.0868	  2.1730	  0.0000
  6.1956	  5.7087	 -2.0330	  1.5048	  1.0000
  6.4650	  5.7087	 -2.2218	  2.1501	  0.0000
  6.7344	  5.7087	 -2.1964	  2.2021	  0.0000
  7.0037	  5.7087	 -2.1672	  2.2386	  0.0000
  7.2731	  5.7087	 -2.1837	  2.3575	  0.0000
  7.5425	  5.7087	 -2.0820	  2.1238	  0.0000
  7.8119	  5.7087	 -2.1001	  2.0885	  0.0000
  8.0812	  5.7087	 -2.0996	  2.1847	  0.0000
  8.3506	  5.7087	 -2.2788	  2.3621	  0.0000
  8.6200	  5.7087	 -2.1017	  2.2928	  0.0000
  8.8893	  5.7087	 -2.3177	  1.8624	  0.0000
  9.1587	  5.7087	 -2.1513	  1.9934	  0.0000
  9.4281	  5.7087	 -2.1920	  2.1508	  0.0000
  9.6975	  5.7087	 -2.1240	  2.3857	  0.0000
  9.9668	  5.7087	 -1.7458	  2.0404	  0.0000
 10.2362	  5.7087	 -1.8951	  2.8055	  0.0000
 10.5056	  5.7087	 -2.0818	  2.8217	  0.0000
 10.7750	  5.7087	 -1.9721	  3.0236	  0.0000
 11.0443	  5.7087	 -2.1664	  3.0620	  0.0000
 11.3137	  5.7087	 -1.9930	  3.5337	  0.0000
 11.5831	  5.7087	 -1.6445	  3.1462	  0.0000
 11.8525	  5.7087	 -1.9382	  3.3764	  0.0000
 12.1218	  5.7087	 -2.0830	  3.0971	  0.0000
 12.3912	  5.7087	 -2.1694	  3.1751	  0.0000
 12.6606	  5.7087	 -2.2938	  2.6838	  1.0000
 12.9300	  5.7087	 -2.5497	  2.8875	  0.0000
 13.1993	  5.7087	 -2.6745	  2.5984	  0.0000
 13.4687	  5.7087	 -2.6162	  2.5849	  0.0000
 13.7381	  5.7087	 -2.5745	  2.6594	  0.0000
 14.0075	  5.7087	 -2.6195	  2.7717	  0.0000
 14.2768	  5.7087	 -2.6287	  2.8974	  0.0000
 14.5462	  5.7087	 -2.5609	  2.8880	  0.0000
 14.8156	  5.7087	 -2.5994	  3.0642	  0.0000
 15.0850	  5.7087	 -2.2721	  2.9406	  0.0000
 15.3543	  5.7087	 -2.2067	  2.9724	  0.0000
  0.2694	  5.4393	  4.6816	  6.7570	  0.0000
  0.5387	  5.4393	  1.3988	  2.0914	  0.0000
  0.8081	  5.4393	 -3.0500	  2.5367	  0.0000
  1.0775	  5.4393	 -1.6864	  3.6206	  0.0000
  1.3469	  5.4393	 -2.9234	  4.2504	  0.0000
  1.6162	  5.4393	  8.2520	  8.7277	  0.0000
  1.8856	  5.4393	 -1.0920	  2.9160	  1.0000
  2.1550	  5.4393	 -1.0800	  2.8476	  1.0000
  2.4244	  5.4393	 -1.5684	  2.0084	  0.0000
  2.6937	  5.4393	 -1.3479	  1.9593	  0.0000
  2.9631	  5.4393	 -1.5403	  1.9886	  0.0000
  3.2325	  5.4393	 -1.1834	  2.7712	  0.0000
  3.5019	  5.4393	 -1.5072	  1.5631	  0.0000
  3.7712	  5.4393	  1.1513	  1.7146	  0.0000
  4.0406	  5.4393	 -1.3638	  2.0807	  1.0000
  4.3100	  5.4393	 -0.9482	  0.5076	  0.0000
  4.5794	  5.4393	 -2.1181	  1.5485	  0.0000
  4.8487	  5.4393	 -1.9070	  1.4357	  0.0000
  5.1181	  5.4393	 -1.8975	  1.4612	  1.0000
  5.3875	  5.4393	  1.6249	 -3.5614	  0.0000
  5.6569	  5.4393	 -2.2626	  1.9328	  0.0000
  5.9262	  5.4393	 -2.1608	  1.7440	  0.0000
  6.1956	  5.4393	 -2.0714	  1.9613	  0.0000
  6.4650	  5.4393	 -2.1912	  1.8764	  0.0000
  6.7344	  5.4393	 -2.0597	  1.9383	  1.0000
  7.0037	  5.4393	 -2.0445	  2.0236	  0.0000
  7.2731	  5.4393	 -2.1275	  2.0463	  0.0000
  7.5425	  5.4393	 -2.1241	  2.0462	  0.0000
  7.8119	  5.4393	 -2.1538	  2.1313	  1.0000
  8.0812	  5.4393	 -2.1646	  1.8627	  0.0000
  8.3506	  5.4393	 -1.9623	  1.8788	  0.0000
  8.6200	  5.4393	 -2.1386	  2.0527	  0.0000
  8.8893	  5.4393	 -2.1593	  2.1316	  0.0000
  9.1587	  5.4393	 -2.0498	  1.9678	  0.0000
  9.4281	  5.4393	 -2.3355	  1.8037	  0.0000
  9.6975	  5.4393	 -2.5544	  2.1125	  0.0000
  9.9668	  5.4393	 -2.3093	  2.4497	  0.0000
 10.2362	  5.4393	 -2.2568	  1.8337	  0.0000
 10.5056	  5.4393	 -2.0104	  2.6778	  0.0000
 10.7750	  5.4393	 -1.8324	  3.1036	  0.0000
 11.0443	  5.4393	 -2.2270	  3.0237	  0.0000
 11.3137	  5.4393	 -1.9962	  3.0103	  0.0000
 11.5831	  5.4393	 -1.7833	  3.1203	  0.0000
 11.8525	  5.4393	 -1.7616	  3.0606	  0.0000
 12.1218	  5.4393	 -2.0805	  3.3155	  0.0000
 12.3912	  5.4393	 -2.2420	  3.0869	  0.0000
 12.6606	  5.4393	 -2.1805	  3.0430	  0.0000
 12.9300	  5.4393	 -2.4262	  2.9976	  0.0000
 13.1993	  5.4393	 -2.4265	  2.6610	  1.0000
 13.4687	  5.4393	 -2.6094	  2.9655	  0.0000
 13.7381	  5.4393	 -2.7770	  2.8543	  0.0000
 14.0075	  5.4393	 -2.6627	  2.7924	  0.0000
 14.2768	  5.4393	 -2.4263	  2.6899	  0.0000
 14.5462	  5.4393	 -2.4737	  2.7753	  0.0000
 14.8156	  5.4393	 -2.5263	  2.8964	  0.0000
 15.0850	  5.4393	 -2.1621	  2.7392	  0.0000
 15.3543	  5.4393	 -2.3069	  2.9387	  0.0000
  0.2694	  5.1699	 -5.2002	  4.6325	  0.0000
  0.5387	  5.1699	 -1.5938	  2.9245	  1.0000
  0.8081	  5.1699	 -3.0518	  3.5807	  0.0000
  1.0775	  5.1699	 -1.2889	  2.9038	  1.0000
  1.3469	  5.1699	  4.1320	  6.1071	  0.0000
  1.6162	  5.1699	 -3.1036	  2.4433	  0.0000
  1.8856	  5.1699	  3.5884	  1.0477	  0.0000
  2.1550	  5.1699	 -1.2923	  2.7739	  1.0000
  2.4244	  5.1699	 -1.3190	  2.6092	  1.0000
  2.6937	  5.1699	 -1.6032	  1.6989	  0.0000
  2.9631	  5.1699	 -1.4719	  2.5372	  0.0000
  3.2325	  5.1699	 -1.6788	  2.4443	  0.0000
  3.5019	  5.1699	 -1.4770	  2.2797	  1.0000
  3.7712	  5.1699	  3.8919	 -2.0939	  0.0000
  4.0406	  5.1699	 -1.4798	  2.0405	  1.0000
  4.3100	  5.1699	 -1.7285	  2.3222	  0.0000
  4.5794	  5.1699	 -1.5868	  1.5035	  1.0000
  4.8487	  5.1699	 -1.8136	  1.4806	  1.0000
  5.1181	  5.1699	 -1.7204	  1.0380	  0.0000
  5.3875	  5.1699	 -2.0578	  1.6288	  0.0000
  5.6569	  5.1699	 -1.8488	  1.7171	  0.0000
  5.9262	  5.1699	 -2.2629	  1.7883	  0.0000
  6.1956	  5.1699	 -2.2274	  2.0077	  0.0000
  6.4650	  5.1699	 -2.0725	  1.8855	  0.0000
  6.7344	  5.1699	 -2.1658	  1.9542	  0.0000
  7.0037	  5.1699	 -2.2549	  1.9510	  0.0000
  7.2731	  5.1699	 -2.1418	  2.0679	  0.0000
  7.5425	  5.1699	 -2.1398	  1.9954	  0.0000
  7.8119	  5.1699	 -2.1695	  2.1003	  0.0000
  8.0812	  5.1699	 -2.1759	  1.9047	  0.0000
  8.3506	  5.1699	 -2.0939	  1.9212	  0.0000
  8.6200	  5.1699	 -2.0880	  1.8435	  0.0000
  8.8893	  5.1699	 -2.0557	  2.0664	  0.0000
  9.1587	  5.1699	 -1.8688	  2.2425	  0.0000
  9.4281	  5.1699	 -2.3532	  2.0884	  0.0000
  9.6975	  5.1699	 -2.5165	  2.3217	  0.0000
  9.9668	  5.1699	 -2.1689	  2.1604	  0.0000
 10.2362	  5.1699	 -2.3737	  2.4732	  0.0000
 10.5056	  5.1699	 -2.1019	  2.6997	  0.0000
 10.7750	  5.1699	 -2.0792	  2.6001	  0.0000
 11.0443	  5.1699	 -1.9297	  2.9350	  0.0000
 11.3137	  5.1699	 -2.0688	  2.9818	  0.0000
 11.5831	  5.1699	 -1.8161	  2.7285	  0.0000
 11.8525	  5.1699	 -1.9370	  3.2294	  0.0000
 12.1218	  5.1699	 -2.0425	  3.2616	  0.0000
 12.3912	  5.1699	 -2.1555	  2.8419	  1.0000
 12.6606	  5.1699	 -2.2341	  2.9380	  0.0000
 12.9300	  5.1699	 -2.3324	  3.0677	  0.0000
 13.1993	  5.1699	 -2.3724	  2.7324	  1.0000
 13.4687	  5.1699	 -2.4037	  2.7297	  1.0000
 13.7381	  5.1699	 -2.5127	  2.8189	  0.0000
 14.0075	  5.1699	 -2.5407	  2.9293	  0.0000
 14.2768	  5.1699	 -2.4078	  2.6852	  0.0000
 14.5462	  5.1699	 -2.6735	  2.6082	  0.0000
 14.8156	  5.1699	 -2.3335	  2.7151	  1.0000
 15.0850	  5.1699	 -2.1920	  2.6523	  0.0000
 15.3543	  5.1699	 -2.2108	  2.6540	  0.0000
  0.2694	  4.9005	 -1.9224	  2.9192	  1.0000
  0.5387	  4.9005	  1.2024	  4.6187	  0.0000
  0.8081	  4.9005	 -3.2028	  3.8936	  0.0000
  1.0775	  4.9005	 -3.0053	  3.5581	  0.0000
  1.3469	  4.9005	  5.6720	  7.3155	  0.0000
  1.6162	  4.9005	 -3.0835	  2.8215	  0.0000
  1.8856	  4.9005	 -1.4890	 -1.3973	  0.0000
  2.1550	  4.9005	 -2.7479	  3.0678	  0.0000
  2.4244	  4.9005	 -1.2062	  2.5607	  1.0000
  2.6937	  4.9005	 -1.2701	  1.8294	  0.0000
  2.9631	  4.9005	 -1.7087	  2.4331	  0.0000
  3.2325	  4.9005	 -1.6286	  2.6848	  0.0000
  3.5019	  4.9005	 -1.4332	  2.1874	  1.0000
  3.7712	  4.9005	 -1.4925	  2.0951	  1.0000
  4.0406	  4.9005	 -1.7438	  2.5219	  0.0000
  4.3100	  4.9005	 -2.0411	  2.4168	  0.0000
  4.5794	  4.9005	 -1.9440	  1.6001	  0.0000
  4.8487	  4.9005	 -1.6490	  1.6438	  1.0000
  5.1181	  4.9005	 -1.8435	  1.3179	  0.0000
  5.3875	  4.9005	  1.4390	  0.2297	  0.0000
  5.6569	  4.9005	 -2.0917	  1.5923	  0.0000
  5.9262	  4.9005	 -1.8735	  1.7637	  0.0000
  6.1956	  4.9005	 -2.0663	  1.7114	  0.0000
  6.4650	  4.9005	 -2.1888	  1.8625	  0.0000
  6.7344	  4.9005	 -2.0928	  1.9300	  1.0000
  7.0037	  4.9005	 -2.1718	  1.9977	  0.0000
  7.2731	  4.9005	 -2.3238	  2.1676	  0.0000
  7.5425	  4.9005	 -2.1886	  2.2410	  0.0000
  7.8119	  4.9005	 -2.1160	  2.0679	  1.0000
  8.0812	  4.9005	 -2.1810	  2.1668	  0.0000
  8.3506	  4.9005	 -2.1933	  1.7771	  0.0000
  8.6200	  4.9005	 -1.9183	  1.9261	  0.0000
  8.8893	  4.9005	 -2.2977	  1.8269	  0.0000
  9.1587	  4.9005	 -2.3166	  1.9667	  0.0000
  9.4281	  4.9005	 -2.2167	  2.3908	  0.0000
  9.6975	  4.9005	 -2.1114	  2.3010	  0.0000
  9.9668	  4.9005	 -2.2177	  2.1446	  0.0000
 10.2362	  4.9005	 -2.4527	  2.7612	  0.0000
 10.5056	  4.9005	 -2.0948	  2.7193	  0.0000
 10.7750	  4.9005	 -2.0516	  2.7960	  0.0000
 11.0443	  4.9005	 -2.1692	  2.9142	  0.0000
 11.3137	  4.9005	 -2.2555	  2.9517	  0.0000
 11.5831	  4.9005	 -2.0709	  2.8151	  0.0000
 11.8525	  4.9005	 -1.9369	  2.9797	  0.0000
 12.1218	  4.9005	 -2.0460	  2.9115	  0.0000
 12.3912	  4.9005	 -2.1363	  2.8725	  0.0000
 12.6606	  4.9005	 -2.2964	  2.9554	  0.0000
 12.9300	  4.9005	 -2.2742	  3.0087	  0.0000
 13.1993	  4.9005	 -2.3699	  3.0194	  0.0000
 13.4687	  4.9005	 -2.3101	  2.6386	  0.0000
 13.7381	  4.9005	 -2.4311	  2.8334	  0.0000
 14.0075	  4.9005	 -2.4826	  2.7085	  0.0000
 14.2768	  4.9005	 -2.1445	  2.8949	  0.0000
 14.5462	  4.9005	 -2.0818	  2.7022	  0.0000
 14.8156	  4.9005	 -2.3412	  2.5418	  0.0000
 15.0850	  4.9005	 -2.2344	  2.5609	  0.0000
 15.3543	  4.9005	 -2.1619	  2.4828	  0.0000
  0.2694	  4.6312	  1.3646	 -2.6155	  0.0000
  0.5387	  4.6312	 -1.7278	  2.8301	  1.0000
  0.8081	  4.6312	 -1.4343	  2.9562	  1.0000
  1.0775	  4.6312	 -1.4517	  2.8341	  1.0000
  1.3469	  4.6312	 -3.6420	  2.4337	  0.0000
  1.6162	  4.6312	 -3.1811	  3.4053	  0.0000
  1.8856	  4.6312	 -2.8715	  3.3774	  0.0000
  2.1550	  4.6312	 -2.8721	  3.2023	  0.0000
  2.4244	  4.6312	 -2.4749	  2.1870	  0.0000
  2.6937	  4.6312	 -1.8784	  2.5264	  1.0000
  2.9631	  4.6312	 -1.9344	  2.4459	  0.0000
  3.2325	  4.6312	 -1.9773	  2.6527	  0.0000
  3.5019	  4.6312	 -1.5913	  2.2173	  1.0000
  3.7712	  4.6312	 -2.0860	  2.3864	  0.0000
  4.0406	  4.6312	 -1.7093	  2.4616	  0.0000
  4.3100	  4.6312	 -1.5953	  1.8523	  1.0000
  4.5794	  4.6312	 -1.4606	  1.6274	  1.0000
  4.8487	  4.6312	 -2.1477	  1.9660	  0.0000
  5.1181	  4.6312	 -2.0286	  1.5632	  0.0000
  5.3875	  4.6312	 -1.6679	  1.6019	  0.0000
  5.6569	  4.6312	 -1.9130	  1.4156	  0.0000
  5.9262	  4.6312	 -1.8736	  1.6052	  0.0000
  6.1956	  4.6312	 -1.8601	  1.6085	  1.0000
  6.4650	  4.6312	 -2.1864	  1.8280	  0.0000
  6.7344	  4.6312	 -2.0564	  1.7502	  0.0000
  7.0037	  4.6312	 -2.1046	  2.0139	  0.0000
  7.2731	  4.6312	 -2.1933	  1.9327	  0.0000
  7.5425	  4.6312	 -2.0458	  2.0741	  0.0000
  7.8119	  4.6312	 -2.1088	  2.0378	  1.0000
  8.0812	  4.6312	 -2.0257	  2.3418	  0.0000
  8.3506	  4.6312	 -2.1631	  2.0392	  0.0000
  8.6200	  4.6312	 -2.1427	  2.0049	  0.0000
  8.8893	  4.6312	 -2.0025	  1.7895	  0.0000
  9.1587	  4.6312	 -2.1971	  2.1454	  0.0000
  9.4281	  4.6312	 -2.0606	  2.2176	  0.0000
  9.6975	  4.6312	 -2.1120	  2.0801	  0.0000
  9.9668	  4.6312	 -2.0736	  2.4445	  0.0000
 10.2362	  4.6312	 -2.2992	  2.3618	  0.0000
 10.5056	  4.6312	 -2.1429	  2.4909	  0.0000
 10.7750	  4.6312	 -2.1705	  2.6288	  0.0000
 11.0443	  4.6312	 -2.0453	  2.5802	  0.0000
 11.3137	  4.6312	 -1.9786	  2.5910	  1.0000
 11.5831	  4.6312	 -2.0145	  2.7402	  0.0000
 11.8525	  4.6312	 -2.1777	  2.7167	  0.0000
 12.1218	  4.6312	 -2.2980	  2.3761	  0.0000
 12.3912	  4.6312	 -2.1525	  2.5532	  0.0000
 12.6606	  4.6312	 -2.2135	  2.6268	  0.0000
 12.9300	  4.6312	 -2.3942	  2.9842	  0.0000
 13.1993	  4.6312	 -2.2893	  2.9570	  0.0000
 13.4687	  4.6312	 -2.1529	  2.8795	  0.0000
 13.7381	  4.6312	 -2.3079	  2.5591	  0.0000
 14.0075	  4.6312	 -2.5213	  2.7046	  0.0000
 14.2768	  4.6312	 -2.1897	  2.7375	  0.0000
 14.5462	  4.6312	 -2.2133	  2.6594	  0.0000
 14.8156	  4.6312	 -2.1836	  2.6050	  1.0000
 15.0850	  4.6312	 -2.1394	  2.4096	  0.0000
 15.3543	  4.6312	 -2.0336	  2.4260	  0.0000
  0.2694	  4.3618	 -0.0147	 -4.0497	  0.0000
  0.5387	  4.3618	 -5.6384	  5.1810	  0.0000
  0.8081	  4.3618	 -2.0447	  2.4921	  1.0000
  1.0775	  4.3618	 -1.9959	  2.4155	  1.0000
  1.3469	  4.3618	 -7.7785	 -1.0227	  0.0000
  1.6162	  4.3618	 -3.2877	  3.1442	  0.0000
  1.8856	  4.3618	 -3.1094	  3.0571	  0.0000
  2.1550	  4.3618	 -2.7733	  3.1143	  0.0000
  2.4244	  4.3618	 -1.9060	  2.5854	  1.0000
  2.6937	  4.3618	 -2.0326	  2.4439	  1.0000
  2.9631	  4.3618	 -2.0901	  2.8249	  0.0000
  3.2325	  4.3618	 -2.0771	  2.5242	  0.0000
  3.5019	  4.3618	 -1.8822	  2.2277	  0.0000
  3.7712	  4.3618	 -2.0052	  2.2881	  0.0000
  4.0406	  4.3618	 -1.9175	  2.5399	  0.0000
  4.3100	  4.3618	 -1.7544	  1.7352	  0.0000
  4.5794	  4.3618	 -1.8955	  1.6085	  0.0000
  4.8487	  4.3618	 -2.1338	  1.6959	  0.0000
  5.1181	  4.3618	 -1.7512	  1.9879	  0.0000
  5.3875	  4.3618	 -1.7814	  1.7670	  0.0000
  5.6569	  4.3618	 -1.7188	  1.3091	  0.0000
  5.9262	  4.3618	 -1.8661	  1.4154	  0.0000
  6.1956	  4.3618	 -2.0826	  1.6585	  0.0000
  6.4650	  4.3618	 -2.2128	  1.4169	  0.0000
  6.7344	  4.3618	 -2.0322	  1.6864	  0.0000
  7.0037	  4.3618	 -2.1259	  1.8069	  0.0000
  7.2731	  4.3618	 -1.9522	  2.0201	  0.0000
  7.5425	  4.3618	 -2.0445	  2.1093	  0.0000
  7.8119	  4.3618	 -2.0496	  2.2406	  0.0000
  8.0812	  4.3618	 -2.1198	  2.0610	  0.0000
  8.3506	  4.3618	 -1.9872	  2.0294	  0.0000
  8.6200	  4.3618	 -1.8906	  2.0213	  0.0000
  8.8893	  4.3618	 -2.0851	  1.9142	  0.0000
  9.1587	  4.3618	 -2.2923	  1.7469	  0.0000
  9.4281	  4.3618	 -2.1781	  1.8738	  0.0000
  9.6975	  4.3618	 -2.1589	  1.8547	  0.0000
  9.9668	  4.3618	 -1.9804	  2.0545	  0.0000
 10.2362	  4.3618	 -2.1501	  2.0710	  0.0000
 10.5056	  4.3618	 -1.9635	  2.3299	  0.0000
 10.7750	  4.3618	 -2.0808	  2.1760	  0.0000
 11.0443	  4.3618	 -1.8885	  2.5586	  0.0000
 11.3137	  4.3618	 -2.0407	  2.5081	  0.0000
 11.5831	  4.3618	 -2.0049	  2.3803	  0.0000
 11.8525	  4.3618	 -1.9168	  2.4363	  0.0000
 12.1218	  4.3618	 -1.9412	  2.5664	  0.0000
 12.3912	  4.3618	 -2.1270	  2.3617	  0.0000
 12.6606	  4.3618	 -2.1803	  2.6138	  0.0000
 12.9300	  4.3618	 -2.2406	  2.6278	  0.0000
 13.1993	  4.3618	 -2.2531	  2.8222	  0.0000
 13.4687	  4.3618	 -1.9953	  2.6206	  0.0000
 13.7381	  4.3618	 -2.0328	  2.6020	  0.0000
 14.0075	  4.3618	 -2.2425	  2.5306	  0.0000
 14.2768	  4.3618	 -2.3017	  2.6177	  0.0000
 14.5462	  4.3618	 -2.1521	  2.6215	  0.0000
 14.8156	  4.3618	 -2.0707	  2.6831	  0.0000
 15.0850	  4.3618	 -2.0786	  2.7096	  0.0000
 15.3543	  4.3618	 -1.9364	  2.7372	  0.0000
  0.2694	  4.0924	 -2.4445	  2.0283	  1.0000
  0.5387	  4.0924	 -5.6612	  5.5798	  0.0000
  0.8081	  4.0924	 -2.0955	  2.1206	  1.0000
  1.0775	  4.0924	 -4.5420	  2.9638	  0.0000
  1.3469	  4.0924	 -2.2522	  2.4643	  1.0000
  1.6162	  4.0924	 -1.9843	  2.2816	  1.0000
  1.8856	  4.0924	 -1.9321	  2.3764	  1.0000
  2.1550	  4.0924	 -1.9265	  2.5287	  1.0000
  2.4244	  4.0924	 -2.4435	  3.5957	  0.0000
  2.6937	  4.0924	 -1.5774	  3.3201	  0.0000
  2.9631	  4.0924	 -2.0554	  2.4987	  1.0000
  3.2325	  4.0924	 -1.9426	  2.4114	  1.0000
  3.5019	  4.0924	 -1.7295	  2.7192	  0.0000
  3.7712	  4.0924	 -1.9311	  2.1910	  1.0000
  4.0406	  4.0924	 -1.7556	  2.2762	  0.0000
  4.3100	  4.0924	 -1.4891	  1.7670	  0.0000
  4.5794	  4.0924	 -1.9091	  1.8183	  0.0000
  4.8487	  4.0924	 -1.6501	  2.3070	  0.0000
  5.1181	  4.0924	 -1.7353	  1.9236	  0.0000
  5.3875	  4.0924	 -1.6958	  1.7356	  0.0000
  5.6569	  4.0924	 -1.6264	  1.4379	  0.0000
  5.9262	  4.0924	 -1.6419	  1.6630	  0.0000
  6.1956	  4.0924	 -1.9708	  1.7399	  0.0000
  6.4650	  4.0924	 -2.1128	  1.9132	  0.0000
  6.7344	  4.0924	 -2.1215	  2.1464	  0.0000
  7.0037	  4.0924	 -2.0405	  1.9606	  1.0000
  7.2731	  4.0924	 -2.0051	  2.2712	  0.0000
  7.5425	  4.0924	 -2.1041	  2.2805	  0.0000
  7.8119	  4.0924	 -2.2168	  2.1569	  0.0000
  8.0812	  4.0924	 -2.1774	  2.1880	  0.0000
  8.3506	  4.0924	 -2.0913	  1.9673	  0.0000
  8.6200	  4.0924	 -2.2066	  1.9475	  0.0000
  8.8893	  4.0924	 -2.2832	  1.8168	  0.0000
  9.1587	  4.0924	 -2.1360	  1.8979	  0.0000
  9.4281	  4.0924	 -2.1787	  1.7938	  0.0000
  9.6975	  4.0924	 -2.0343	  2.0148	  0.0000
  9.9668	  4.0924	 -2.1138	  1.8502	  0.0000
 10.2362	  4.0924	 -1.7841	  1.9023	  0.0000
 10.5056	  4.0924	 -1.9720	  2.2580	  0.0000
 10.7750	  4.0924	 -1.7961	  2.0906	  0.0000
 11.0443	  4.0924	 -2.0223	  2.2204	  0.0000
 11.3137	  4.0924	 -1.9832	  2.1820	  0.0000
 11.5831	  4.0924	 -1.8015	  2.0427	  0.0000
 11.8525	  4.0924	 -1.9516	  2.1862	  0.0000
 12.1218	  4.0924	 -1.8656	  2.1471	  0.0000
 12.3912	  4.0924	 -1.9314	  2.4010	  0.0000
 12.6606	  4.0924	 -1.9544	  2.2877	  0.0000
 12.9300	  4.0924	 -2.1752	  2.3064	  0.0000
 13.1993	  4.0924	 -2.0401	  2.2869	  0.0000
 13.4687	  4.0924	 -1.9856	  2.3181	  0.0000
 13.7381	  4.0924	 -1.8313	  2.5316	  0.0000
 14.0075	  4.0924	 -2.0002	  2.4625	  0.0000
 14.2768	  4.0924	 -2.1130	  2.4200	  0.0000
 14.5462	  4.0924	 -2.0642	  2.2937	  0.0000
 14.8156	  4.0924	 -1.8587	  2.5293	  0.0000
 15.0850	  4.0924	 -1.9937	  2.6751	  0.0000
 15.3543	  4.0924	 -1.6478	  2.3913	  0.0000
  0.2694	  3.8230	 -2.8978	  1.4678	  1.0000
  0.5387	  3.8230	 -2.9115	  1.2199	  1.0000
  0.8081	  3.8230	 -2.5562	  1.3647	  1.0000
  1.0775	  3.8230	 -1.1095	  1.6117	  0.0000
  1.3469	  3.8230	  0.3288	  1.9643	  0.0000
  1.6162	  3.8230	  6.6388	  2.0732	  0.0000
  1.8856	  3.8230	 -4.0465	  3.1152	  0.0000
  2.1550	  3.8230	 -3.7088	  3.5784	  0.0000
  2.4244	  3.8230	 -3.5688	  3.4947	  0.0000
  2.6937	  3.8230	 -2.6524	  3.2359	  0.0000
  2.9631	  3.8230	 -2.4923	  3.2121	  0.0000
  3.2325	  3.8230	 -1.5699	  2.1186	  0.0000
  3.5019	  3.8230	 -2.8190	  2.7330	  0.0000
  3.7712	  3.8230	 -1.9744	  2.3154	  1.0000
  4.0406	  3.8230	 -1.7692	  2.1370	  0.0000
  4.3100	  3.8230	 -1.7228	  2.3371	  0.0000
  4.5794	  3.8230	 -1.7948	  1.7339	  0.0000
  4.8487	  3.8230	 -1.8818	  2.0048	  0.0000
  5.1181	  3.8230	 -1.5823	  1.7740	  0.0000
  5.3875	  3.8230	 -1.5466	  1.4875	  0.0000
  5.6569	  3.8230	 -1.6574	  1.3807	  0.0000
  5.9262	  3.8230	 -2.0341	  1.5504	  0.0000
  6.1956	  3.8230	 -1.9329	  1.5767	  0.0000
  6.4650	  3.8230	 -2.0816	  1.6277	  0.0000
  6.7344	  3.8230	 -1.9541	  1.6946	  0.0000
  7.0037	  3.8230	 -2.1441	  2.0659	  0.0000
  7.2731	  3.8230	 -1.9345	  2.1235	  0.0000
  7.5425	  3.8230	 -1.9980	  2.2623	  0.0000
  7.8119	  3.8230	 -2.3568	  2.0546	  0.0000
  8.0812	  3.8230	 -2.1960	  2.1413	  0.0000
  8.3506	  3.8230	 -1.9686	  1.8364	  0.0000
  8.6200	  3.8230	 -2.0651	  1.6918	  0.0000
  8.8893	  3.8230	 -2.0092	  1.7201	  0.0000
  9.1587	  3.8230	 -1.9089	  1.7681	  0.0000
  9.4281	  3.8230	 -2.0327	  1.6779	  0.0000
  9.6975	  3.8230	 -2.0957	  1.9591	  0.0000
  9.9668	  3.8230	 -2.0662	  1.7240	  0.0000
 10.2362	  3.8230	 -2.0501	  2.1804	  0.0000
 10.5056	  3.8230	 -2.0883	  2.3764	  0.0000
 10.7750	  3.8230	 -1.6061	  2.6406	  0.0000
 11.0443	  3.8230	 -1.5086	  2.1560	  0.0000
 11.3137	  3.8230	 -1.7078	  1.9717	  0.0000
 11.5831	  3.8230	 -1.7525	  1.7596	  0.0000
 11.8525	  3.8230	 -2.0419	  1.9803	  0.0000
 12.1218	  3.8230	 -1.8974	  2.0313	  0.0000
 12.3912	  3.8230	 -1.7283	  2.1580	  0.0000
 12.6606	  3.8230	 -1.7054	  2.2858	  0.0000
 12.9300	  3.8230	 -1.8915	  2.0747	  0.0000
 13.1993	  3.8230	 -1.7339	  2.2606	  1.0000
 13.4687	  3.8230	 -1.7634	  2.1096	  0.0000
 13.7381	  3.8230	 -1.7096	  2.2793	  0.0000
 14.0075	  3.8230	 -1.6969	  2.2603	  0.0000
 14.2768	  3.8230	 -2.0345	  2.3359	  0.0000
 14.5462	  3.8230	 -2.1790	  2.3276	  0.0000
 14.8156	  3.8230	 -2.1695	  2.4045	  0.0000
 15.0850	  3.8230	 -1.8646	  2.4855	  0.0000
 15.3543	  3.8230	 -1.6625	  2.4136	  0.0000
  0.2694	  3.5537	 -3.2286	  1.0352	  1.0000
  0.5387	  3.5537	 -5.0221	  4.3422	  0.0000
  0.8081	  3.5537	 -2.6466	  0.9583	  1.0000
  1.0775	  3.5537	 -2.6028	  1.1479	  1.0000
  1.3469	  3.5537	 -2.4844	  1.5140	  1.0000
  1.6162	  3.5537	 -2.0855	  1.4383	  1.0000
  1.8856	  3.5537	 -1.9752	  1.9068	  1.0000
  2.1550	  3.5537	 -1.8999	  1.9772	  1.0000
  2.4244	  3.5537	 -1.6042	  2.2911	  1.0000
  2.6937	  3.5537	 -1.7479	  3.9604	  0.0000
  2.9631	  3.5537	 -1.9575	  2.2855	  1.0000
  3.2325	  3.5537	 -1.7634	  3.2171	  0.0000
  3.5019	  3.5537	 -5.6313	 -3.9242	  0.0000
  3.7712	  3.5537	 -1.9587	  1.9517	  1.0000
  4.0406	  3.5537	 -1.5548	  1.8556	  0.0000
  4.3100	  3.5537	 -2.1137	  3.0074	  0.0000
  4.5794	  3.5537	 -2.0278	  2.1898	  0.0000
  4.8487	  3.5537	 -1.5452	  1.7439	  0.0000
  5.1181	  3.5537	 -1.1418	  0.8905	  0.0000
  5.3875	  3.5537	 -1.6910	  1.4104	  0.0000
  5.6569	  3.5537	 -1.5687	  1.3861	  0.0000
  5.9262	  3.5537	 -1.8319	  1.4597	  0.0000
  6.1956	  3.5537	 -1.9059	  1.5122	  0.0000
  6.4650	  3.5537	 -1.9177	  1.8395	  0.0000
  6.7344	  3.5537	 -1.7984	  1.9745	  0.0000
  7.0037	  3.5537	 -1.9891	  2.0294	  0.0000
  7.2731	  3.5537	 -2.1225	  2.2152	  0.0000
  7.5425	  3.5537	 -2.1958	  2.0403	  0.0000
  7.8119	  3.5537	 -2.2136	  2.2305	  0.0000
  8.0812	  3.5537	 -1.8834	  2.3668	  0.0000
  8.3506	  3.5537	 -1.7606	  2.1635	  0.0000
  8.6200	  3.5537	 -1.9189	  2.0077	  0.0000
  8.8893	  3.5537	 -1.6901	  1.6165	  0.0000
  9.1587	  3.5537	 -1.8912	  1.7293	  0.0000
  9.4281	  3.5537	 -2.2121	  1.7639	  0.0000
  9.6975	  3.5537	 -2.2480	  1.5801	  0.0000
  9.9668	  3.5537	 -2.0454	  1.7658	  0.0000
 10.2362	  3.5537	 -1.9498	  1.5893	  0.0000
 10.5056	  3.5537	 -1.9105	  1.7221	  0.0000
 10.7750	  3.5537	 -1.4658	  1.9705	  0.0000
 11.0443	  3.5537	 -1.4226	  2.0627	  0.0000
 11.3137	  3.5537	 -1.5039	  1.7749	  0.0000
 11.5831	  3.5537	 -1.5428	  1.6486	  0.0000
 11.8525	  3.5537	 -1.6620	  1.3165	  0.0000
 12.1218	  3.5537	 -1.9652	  1.7914	  0.0000
 12.3912	  3.5537	 -1.7136	  1.9775	  0.0000
 12.6606	  3.5537	 -1.6825	  2.0940	  0.0000
 12.9300	  3.5537	 -1.5745	  2.1078	  0.0000
 13.1993	  3.5537	 -1.6235	  2.0186	  0.0000
 13.4687	  3.5537	 -1.7155	  1.8522	  0.0000
 13.7381	  3.5537	 -1.6965	  2.1170	  1.0000
 14.0075	  3.5537	 -1.5632	  2.2417	  0.0000
 14.2768	  3.5537	 -1.9262	  2.3774	  0.0000
 14.5462	  3.5537	 -1.9877	  2.1435	  0.0000
 14.8156	  3.5537	 -1.7643	  2.0802	  1.0000
 15.0850	  3.5537	 -1.8081	  2.0792	  0.0000
 15.3543	  3.5537	 -1.6950	  2.0049	  0.0000
  0.2694	  3.2843	 -1.5800	  2.0925	  0.0000
  0.5387	  3.2843	 -4.8773	  4.0360	  0.0000
  0.8081	  3.2843	 -2.6485	  1.0859	  1.0000
  1.0775	  3.2843	 -1.5306	 -2.4508	  0.0000
  1.3469	  3.2843	 -2.3243	  1.3645	  1.0000
  1.6162	  3.2843	  0.6026	  1.2144	  0.0000
  1.8856	  3.2843	 -1.7221	  1.7217	  1.0000
  2.1550	  3.2843	 -1.4612	  1.8135	  1.0000
  2.4244	  3.2843	  1.1899	  1.5444	  0.0000
  2.6937	  3.2843	 -1.5941	  1.9677	  1.0000
  2.9631	  3.2843	 -3.0022	  3.6545	  0.0000
  3.2325	  3.2843	 -2.0535	  3.6659	  0.0000
  3.5019	  3.2843	 -1.6738	  1.8648	  1.0000
  3.7712	  3.2843	 -1.8462	  2.7573	  0.0000
  4.0406	  3.2843	 -1.1532	  1.5465	  0.0000
  4.3100	  3.2843	 -1.0002	  1.6060	  0.0000
  4.5794	  3.2843	 -1.6994	  1.9007	  0.0000
  4.8487	  3.2843	 -1.9540	  1.5832	  1.0000
  5.1181	  3.2843	 -2.0637	  1.6062	  1.0000
  5.3875	  3.2843	 -1.7308	  1.5719	  0.0000
  5.6569	  3.2843	 -1.3841	  1.4684	  0.0000
  5.9262	  3.2843	 -1.5880	  1.2116	  0.0000
  6.1956	  3.2843	 -1.2886	  2.0319	  0.0000
  6.4650	  3.2843	 -1.6451	  2.0298	  0.0000
  6.7344	  3.2843	 -1.9427	  1.9701	  0.0000
  7.0037	  3.2843	 -1.9854	  2.1372	  0.0000
  7.2731	  3.2843	 -2.0767	  2.1022	  0.0000
  7.5425	  3.2843	 -1.8424	  2.2020	  0.0000
  7.8119	  3.2843	 -1.8862	  1.7215	  0.0000
  8.0812	  3.2843	 -1.7911	  2.1913	  0.0000
  8.3506	  3.2843	 -1.7943	  1.4425	  0.0000
  8.6200	  3.2843	 -1.9854	  1.7153	  0.0000
  8.8893	  3.2843	 -1.6835	  1.9102	  0.0000
  9.1587	  3.2843	 -1.8695	  1.9630	  0.0000
  9.4281	  3.2843	 -2.0007	  1.5809	  0.0000
  9.6975	  3.2843	 -1.9281	  1.4662	  0.0000
  9.9668	  3.2843	 -2.3996	  1.6735	  0.0000
 10.2362	  3.2843	 -1.8844	  1.2237	  0.0000
 10.5056	  3.2843	 -1.7220	  1.4384	  0.0000
 10.7750	  3.2843	 -1.9469	  1.9604	  0.0000
 11.0443	  3.2843	 -1.6751	  1.9337	  0.0000
 11.3137	  3.2843	 -1.5117	  1.6964	  0.0000
 11.5831	  3.2843	 -1.4207	  1.6732	  0.0000
 11.8525	  3.2843	 -1.5485	  1.5943	  0.0000
 12.1218	  3.2843	 -1.7382	  1.3992	  0.0000
 12.3912	  3.2843	 -1.6716	  1.5953	  0.0000
 12.6606	  3.2843	 -1.0974	  1.7030	  1.0000
 12.9300	  3.2843	 -1.6450	  1.8275	  0.0000
 13.1993	  3.2843	 -1.0543	  1.8110	  1.0000
 13.4687	  3.2843	 -1.5408	  1.9839	  0.0000
 13.7381	  3.2843	 -1.5917	  1.7659	  0.0000
 14.0075	  3.2843	 -1.5993	  1.9268	  0.0000
 14.2768	  3.2843	 -1.7636	  1.8831	  0.0000
 14.5462	  3.2843	 -1.5758	  1.9145	  1.0000
 14.8156	  3.2843	 -1.8493	  1.6557	  0.0000
 15.0850	  3.2843	 -1.6907	  1.6148	  0.0000
 15.3543	  3.2843	 -1.7117	  1.6248	  0.0000
  0.2694	  3.0149	 -3.3805	  0.9657	  1.0000
  0.5387	  3.0149	 -3.2377	  1.0348	  1.0000
  0.8081	  3.0149	 -7.7473	 -5.5739	  0.0000
  1.0775	  3.0149	 -4.7693	  2.8869	  0.0000
  1.3469	  3.0149	 -2.0264	 -7.2339	  0.0000
  1.6162	  3.0149	 -1.9101	  1.2604	  1.0000
  1.8856	  3.0149	 -1.6336	  1.5796	  1.0000
  2.1550	  3.0149	 -1.3184	  1.5741	  1.0000
  2.4244	  3.0149	 -0.9695	  1.6308	  1.0000
  2.6937	  3.0149	 -3.6894	  5.5922	  0.0000
  2.9631	  3.0149	 -3.1404	  3.3760	  0.0000
  3.2325	  3.0149	 -2.4040	  3.0408	  0.0000
  3.5019	  3.0149	 -2.0831	  3.1296	  0.0000
  3.7712	  3.0149	 -2.6523	  2.4408	  0.0000
  4.0406	  3.0149	 -1.8578	  1.5209	  1.0000
  4.3100	  3.0149	 -3.1487	  1.5989	  0.0000
  4.5794	  3.0149	  1.4593	  6.8140	  0.0000
  4.8487	  3.0149	 -2.9673	  1.3149	  0.0000
  5.1181	  3.0149	 -2.1552	  1.4507	  1.0000
  5.3875	  3.0149	 -1.8816	  1.4757	  0.0000
  5.6569	  3.0149	 -2.0143	  1.3644	  1.0000
  5.9262	  3.0149	 -1.6600	  0.9533	  0.0000
  6.1956	  3.0149	 -1.9391	  1.2432	  0.0000
  6.4650	  3.0149	 -1.7389	  1.5831	  0.0000
  6.7344	  3.0149	 -1.9216	  1.8823	  0.0000
  7.0037	  3.0149	 -1.8008	  2.0304	  0.0000
  7.2731	  3.0149	 -1.6856	  2.3359	  0.0000
  7.5425	  3.0149	 -1.6574	  2.1325	  0.0000
  7.8119	  3.0149	 -1.6017	  2.3373	  0.0000
  8.0812	  3.0149	 -1.7603	  2.3309	  0.0000
  8.3506	  3.0149	 -1.7239	  1.8528	  0.0000
  8.6200	  3.0149	 -1.7189	  1.7252	  0.0000
  8.8893	  3.0149	 -1.7320	  1.9462	  0.0000
  9.1587	  3.0149	 -1.6673	  1.8308	  0.0000
  9.4281	  3.0149	 -1.9892	  1.8279	  0.0000
  9.6975	  3.0149	 -1.7188	  1.6756	  0.0000
  9.9668	  3.0149	 -1.7821	  1.7275	  1.0000
 10.2362	  3.0149	 -1.8930	  1.7753	  0.0000
 10.5056	  3.0149	 -1.6702	  1.4881	  0.0000
 10.7750	  3.0149	 -1.6508	  1.5828	  0.0000
 11.0443	  3.0149	 -1.6674	  1.6893	  0.0000
 11.3137	  3.0149	 -1.5151	  1.5708	  0.0000
 11.5831	  3.0149	 -1.1986	  1.5966	  0.0000
 11.8525	  3.0149	 -1.3818	  1.5180	  0.0000
 12.1218	  3.0149	 -1.5586	  1.4612	  0.0000
 12.3912	  3.0149	 -1.0729	  1.6595	  1.0000
 12.6606	  3.0149	  2.7766	  2.6250	  0.0000
 12.9300	  3.0149	 -1.5327	  1.8316	  0.0000
 13.1993	  3.0149	 -1.4058	  1.9403	  0.0000
 13.4687	  3.0149	 -1.3740	  2.0854	  0.0000
 13.7381	  3.0149	 -1.5002	  1.9297	  0.0000
 14.0075	  3.0149	 -1.4590	  2.0174	  0.0000
 14.2768	  3.0149	 -1.5751	  1.8494	  0.0000
 14.5462	  3.0149	 -1.5916	  1.6688	  0.0000
 14.8156	  3.0149	 -1.7554	  1.5510	  0.0000
 15.0850	  3.0149	 -1.7046	  1.5348	  0.0000
 15.3543	  3.0149	 -1.6406	  1.5215	  0.0000
  0.2694	  2.7455	 -4.6079	 -4.5277	  0.0000
  0.5387	  2.7455	 -3.2025	  1.1475	  1.0000
  0.8081	  2.7455	 -0.5491	 -3.1133	  0.0000
  1.0775	  2.7455	 -2.6604	  1.0927	  1.0000
  1.3469	  2.7455	 -2.2837	  1.0949	  1.0000
  1.6162	  2.7455	  1.3802	 -0.1617	  0.0000
  1.8856	  2.7455	 -1.5585	  1.2617	  1.0000
  2.1550	  2.7455	 -1.1499	  1.1874	  1.0000
  2.4244	  2.7455	 -3.1328	  2.6113	  0.0000
  2.6937	  2.7455	 -0.7209	  1.1471	  1.0000
  2.9631	  2.7455	 -0.5641	 -5.1643	  0.0000
  3.2325	  2.7455	  6.5158	 -1.4376	  0.0000
  3.5019	  2.7455	 -2.8668	  2.4087	  0.0000
  3.7712	  2.7455	 -3.4416	  1.6289	  0.0000
  4.0406	  2.7455	 -1.6264	  1.2995	  1.0000
  4.3100	  2.7455	 -2.8684	  1.7594	  0.0000
  4.5794	  2.7455	 -6.4426	 -2.9012	  0.0000
  4.8487	  2.7455	 -3.4418	  1.2208	  0.0000
  5.1181	  2.7455	 -2.5833	  1.7772	  0.0000
  5.3875	  2.7455	 -2.0850	  1.1286	  1.0000
  5.6569	  2.7455	 -2.0847	  1.1153	  1.0000
  5.9262	  2.7455	 -2.0054	  1.1885	  1.0000
  6.1956	  2.7455	 -2.0973	  1.6161	  0.0000
  6.4650	  2.7455	 -1.9777	  1.6205	  0.0000
  6.7344	  2.7455	 -2.0141	  1.7585	  1.0000
  7.0037	  2.7455	 -1.6575	  1.9447	  0.0000
  7.2731	  2.7455	 -1.6603	  1.9311	  0.0000
  7.5425	  2.7455	 -1.8698	  2.1215	  1.0000
  7.8119	  2.7455	 -1.3595	  2.2687	  0.0000
  8.0812	  2.7455	 -1.5045	  2.2274	  0.0000
  8.3506	  2.7455	 -1.6291	  2.3189	  0.0000
  8.6200	  2.7455	 -1.4113	  1.7873	  0.0000
  8.8893	  2.7455	 -1.4870	  1.7245	  0.0000
  9.1587	  2.7455	 -1.4856	  1.5240	  0.0000
  9.4281	  2.7455	 -1.7671	  1.8005	  0.0000
  9.6975	  2.7455	 -1.7152	  1.8447	  0.0000
  9.9668	  2.7455	 -1.7403	  1.5860	  0.0000
 10.2362	  2.7455	 -1.5244	  1.5330	  0.0000
 10.5056	  2.7455	 -1.2652	  1.3867	  0.0000
 10.7750	  2.7455	 -1.7098	  1.6330	  0.0000
 11.0443	  2.7455	 -1.6953	  1.4235	  0.0000
 11.3137	  2.7455	 -1.5844	  1.4252	  0.0000
 11.5831	  2.7455	 -1.3982	  1.4541	  0.0000
 11.8525	  2.7455	 -1.3210	  1.5072	  0.0000
 12.1218	  2.7455	 -0.9863	  1.5091	  1.0000
 12.3912	  2.7455	 -0.9087	  1.5409	  1.0000
 12.6606	  2.7455	  7.8085	 -5.8471	  0.0000
 12.9300	  2.7455	 -1.3402	  1.7863	  0.0000
 13.1993	  2.7455	 -1.4744	  1.8578	  0.0000
 13.4687	  2.7455	 -0.5084	  1.6709	  1.0000
 13.7381	  2.7455	 -0.7814	  1.6644	  1.0000
 14.0075	  2.7455	 -0.8153	  1.5098	  1.0000
 14.2768	  2.7455	 -0.8755	  1.4539	  1.0000
 14.5462	  2.7455	 -0.9472	  1.3505	  1.0000
 14.8156	  2.7455	 -1.4498	  1.4373	  0.0000
 15.0850	  2.7455	 -1.5243	  1.3898	  0.0000
 15.3543	  2.7455	 -1.4224	  1.4700	  0.0000
  0.2694	  2.4762	 -3.3515	  1.4804	  1.0000
  0.5387	  2.4762	 -3.0527	  1.1534	  1.0000
  0.8081	  2.4762	 -4.9359	  5.7271	  0.0000
  1.0775	  2.4762	 -2.5666	  1.1638	  1.0000
  1.3469	  2.4762	 -3.5589	  4.2659	  0.0000
  1.6162	  2.4762	 -1.7681	  0.9069	  1.0000
  1.8856	  2.4762	 -0.9671	 -1.4936	  0.0000
  2.1550	  2.4762	 -0.8246	  0.7799	  1.0000
  2.4244	  2.4762	 -0.3440	  0.8856	  1.0000
  2.6937	  2.4762	 -0.3698	  0.8956	  1.0000
  2.9631	  2.4762	  6.1627	  2.1799	  0.0000
  3.2325	  2.4762	 -0.3436	  0.8563	  1.0000
  3.5019	  2.4762	 -1.4234	 -1.3565	  0.0000
  3.7712	  2.4762	 -2.8699	  1.5221	  0.0000
  4.0406	  2.4762	  1.5205	 -2.4223	  0.0000
  4.3100	  2.4762	 -2.5491	  1.6941	  0.0000
  4.5794	  2.4762	 -2.8743	  1.8901	  0.0000
  4.8487	  2.4762	 -3.8824	  1.4775	  0.0000
  5.1181	  2.4762	 -2.3886	  1.1232	  1.0000
  5.3875	  2.4762	 -2.2857	  1.0832	  1.0000
  5.6569	  2.4762	 -2.9113	  1.5626	  0.0000
  5.9262	  2.4762	 -3.2175	  1.5475	  0.0000
  6.1956	  2.4762	 -2.2937	  1.4304	  1.0000
  6.4650	  2.4762	 -2.7870	  0.9764	  0.0000
  6.7344	  2.4762	 -2.0953	  1.9326	  0.0000
  7.0037	  2.4762	 -2.2849	  1.7698	  0.0000
  7.2731	  2.4762	 -2.0930	  2.0932	  0.0000
  7.5425	  2.4762	 -1.7188	  2.3814	  0.0000
  7.8119	  2.4762	 -1.4822	  2.3279	  0.0000
  8.0812	  2.4762	 -1.1333	  1.6240	  0.0000
  8.3506	  2.4762	 -1.4752	  2.3773	  0.0000
  8.6200	  2.4762	 -1.4603	  1.8557	  0.0000
  8.8893	  2.4762	 -1.5826	  2.0096	  0.0000
  9.1587	  2.4762	 -1.5518	  2.1604	  0.0000
  9.4281	  2.4762	 -1.5177	  1.7173	  0.0000
  9.6975	  2.4762	 -1.5485	  1.7303	  0.0000
  9.9668	  2.4762	 -1.7037	  1.5942	  0.0000
 10.2362	  2.4762	 -1.6202	  1.1603	  0.0000
 10.5056	  2.4762	 -1.8615	  1.3275	  0.0000
 10.7750	  2.4762	 -1.5378	  1.5326	  0.0000
 11.0443	  2.4762	 -1.5671	  1.5920	  0.0000
 11.3137	  2.4762	 -1.4962	  1.5370	  0.0000
 11.5831	  2.4762	 -1.2357	  1.4329	  0.0000
 11.8525	  2.4762	 -1.2313	  1.2993	  0.0000
 12.1218	  2.4762	 -0.7094	  1.4020	  1.0000
 12.3912	  2.4762	 -0.6085	  1.4286	  1.0000
 12.6606	  2.4762	 -0.4313	  1.4705	  1.0000
 12.9300	  2.4762	 -0.1899	  1.4624	  1.0000
 13.1993	  2.4762	 -1.2090	  1.7762	  0.0000
 13.4687	  2.4762	  4.2966	  1.4298	  0.0000
 13.7381	  2.4762	 -0.3485	  1.5224	  1.0000
 14.0075	  2.4762	 -0.9719	  1.9553	  0.0000
 14.2768	  2.4762	 -1.2390	  1.6686	  0.0000
 14.5462	  2.4762	 -0.6977	  1.2058	  1.0000
 14.8156	  2.4762	 -1.1078	  1.5329	  0.0000
 15.0850	  2.4762	 -0.8818	  1.0937	  1.0000
 15.3543	  2.4762	 -0.8596	  0.9745	  1.0000
  0.2694	  2.2068	 -3.1132	  1.4764	  1.0000
  0.5387	  2.2068	 -2.8375	  1.1471	  1.0000
  0.8081	  2.2068	 -2.5171	  1.0602	  1.0000
  1.0775	  2.2068	 -4.6757	  5.4981	  0.0000
  1.3469	  2.2068	 -5.4241	  6.5663	  0.0000
  1.6162	  2.2068	 -1.5615	  0.7638	  1.0000
  1.8856	  2.2068	 -1.2598	  1.5495	  0.0000
  2.1550	  2.2068	 -0.6488	  0.5601	  1.0000
  2.4244	  2.2068	 -0.1026	  0.5623	  1.0000
  2.6937	  2.2068	  1.0816	 -1.3479	  0.0000
  2.9631	  2.2068	  0.1502	  0.4111	  1.0000
  3.2325	  2.2068	  0.0837	  0.3929	  1.0000
  3.5019	  2.2068	 -0.1536	  0.5184	  1.0000
  3.7712	  2.2068	 -0.4716	  0.5990	  1.0000
  4.0406	  2.2068	 -1.0232	  0.7820	  1.0000
  4.3100	  2.2068	 -2.4587	  1.5208	  0.0000
  4.5794	  2.2068	 -2.0446	  1.0489	  1.0000
  4.8487	  2.2068	 -2.2235	  0.9831	  1.0000
  5.1181	  2.2068	 -1.7009	 -1.5275	  0.0000
  5.3875	  2.2068	 -2.3622	  0.9826	  1.0000
  5.6569	  2.2068	 -2.4084	  1.0037	  1.0000
  5.9262	  2.2068	 -2.3559	  1.1025	  1.0000
  6.1956	  2.2068	  1.5352	  1.5152	  0.0000
  6.4650	  2.2068	 -2.5730	  1.4520	  0.0000
  6.7344	  2.2068	 -2.6738	  1.6347	  0.0000
  7.0037	  2.2068	 -2.3610	  2.3087	  0.0000
  7.2731	  2.2068	 -2.0231	  2.1973	  0.0000
  7.5425	  2.2068	 -2.0735	  2.5172	  0.0000
  7.8119	  2.2068	 -1.6490	  2.1709	  0.0000
  8.0812	  2.2068	 -1.4627	  2.0720	  0.0000
  8.3506	  2.2068	 -1.4611	  1.9877	  0.0000
  8.6200	  2.2068	 -1.3386	  1.6150	  0.0000
  8.8893	  2.2068	 -1.2134	  2.1565	  0.0000
  9.1587	  2.2068	 -1.3670	  2.2995	  0.0000
  9.4281	  2.2068	 -1.5636	  1.8670	  0.0000
  9.6975	  2.2068	 -1.6705	  1.9549	  0.0000
  9.9668	  2.2068	 -1.5183	  1.6191	  0.0000
 10.2362	  2.2068	 -1.6503	  1.7005	  0.0000
 10.5056	  2.2068	 -1.7154	  1.4546	  0.0000
 10.7750	  2.2068	 -1.5955	  1.5620	  0.0000
 11.0443	  2.2068	 -1.4478	  1.4954	  0.0000
 11.3137	  2.2068	 -1.1199	  1.3696	  0.0000
 11.5831	  2.2068	 -1.2187	  1.1061	  0.0000
 11.8525	  2.2068	 -1.4493	  1.1064	  0.0000
 12.1218	  2.2068	 -1.4105	  1.3724	  0.0000
 12.3912	  2.2068	 -0.5297	  1.3832	  1.0000
 12.6606	  2.2068	 -0.3303	  1.4238	  1.0000
 12.9300	  2.2068	 -2.0764	  7.7012	  0.0000
 13.1993	  2.2068	 -0.0033	  1.4466	  1.0000
 13.4687	  2.2068	 -1.2154	  1.4462	  0.0000
 13.7381	  2.2068	 -0.9907	  1.5609	  0.0000
 14.0075	  2.2068	 -0.8984	  1.9532	  0.0000
 14.2768	  2.2068	 -0.4195	  1.2221	  1.0000
 14.5462	  2.2068	 -0.5039	  1.1246	  1.0000
 14.8156	  2.2068	 -0.6817	  1.1079	  1.0000
 15.0850	  2.2068	 -0.6616	  1.0196	  1.0000
 15.3543	  2.2068	 -0.6323	  1.1493	  0.0000
  0.2694	  1.9374	 -4.7584	  5.5090	  0.0000
  0.5387	  1.9374	  1.5717	  0.5978	  0.0000
  0.8081	  1.9374	 -2.2632	  1.3531	  1.0000
  1.0775	  1.9374	 -2.1561	  1.3060	  1.0000
  1.3469	  1.9374	 -1.6418	  1.0677	  1.0000
  1.6162	  1.9374	 -1.2787	  0.8042	  1.0000
  1.8856	  1.9374	 -0.8958	  0.6392	  1.0000
  2.1550	  1.9374	 -0.3091	  0.2383	  1.0000
  2.4244	  1.9374	  0.2991	  0.0187	  1.0000
  2.6937	  1.9374	  0.3931	  0.1096	  1.0000
  2.9631	  1.9374	  0.5296	  0.0107	  1.0000
  3.2325	  1.9374	  6.1829	 -0.6577	  0.0000
  3.5019	  1.9374	  0.2940	  0.1229	  1.0000
  3.7712	  1.9374	 -0.1961	  0.1942	  1.0000
  4.0406	  1.9374	 -1.4975	  1.8856	  0.0000
  4.3100	  1.9374	 -1.6656	  1.0438	  0.0000
  4.5794	  1.9374	 -1.9251	  0.7793	  1.0000
  4.8487	  1.9374	 -2.9388	  1.1680	  0.0000
  5.1181	  1.9374	 -3.2482	  1.0328	  0.0000
  5.3875	  1.9374	 -3.3326	  1.1763	  0.0000
  5.6569	  1.9374	  1.6018	 -5.4741	  0.0000
  5.9262	  1.9374	 -3.1813	  0.9525	  0.0000
  6.1956	  1.9374	 -1.4116	 -1.5161	  0.0000
  6.4650	  1.9374	 -3.6573	  1.8563	  0.0000
  6.7344	  1.9374	 -2.7853	  1.9689	  0.0000
  7.0037	  1.9374	 -2.8676	  2.1768	  0.0000
  7.2731	  1.9374	 -2.3877	  2.2723	  1.0000
  7.5425	  1.9374	 -1.6102	  2.4822	  0.0000
  7.8119	  1.9374	 -1.8704	  2.7911	  0.0000
  8.0812	  1.9374	 -1.5903	  2.3817	  0.0000
  8.3506	  1.9374	 -1.4193	  2.1601	  0.0000
  8.6200	  1.9374	 -1.3790	  2.0047	  0.0000
  8.8893	  1.9374	 -1.1157	  2.0512	  0.0000
  9.1587	  1.9374	 -1.2750	  1.9376	  0.0000
  9.4281	  1.9374	 -1.4891	  1.6501	  0.0000
  9.6975	  1.9374	 -1.5547	  1.6744	  0.0000
  9.9668	  1.9374	 -1.8599	  1.5057	  0.0000
 10.2362	  1.9374	 -1.7626	  1.4919	  0.0000
 10.5056	  1.9374	 -1.1283	  1.6163	  0.0000
 10.7750	  1.9374	 -1.5444	  1.2661	  0.0000
 11.0443	  1.9374	 -1.2673	  1.4657	  0.0000
 11.3137	  1.9374	 -1.2664	  1.3091	  0.0000
 11.5831	  1.9374	 -1.1149	  1.1510	  0.0000
 11.8525	  1.9374	 -1.3794	  1.2845	  0.0000
 12.1218	  1.9374	 -1.4520	  0.9844	  0.0000
 12.3912	  1.9374	 -1.1838	  1.2600	  0.0000
 12.6606	  1.9374	 -0.2631	  1.4214	  1.0000
 12.9300	  1.9374	  0.0019	  1.3927	  1.0000
 13.1993	  1.9374	  0.0514	  1.4068	  1.0000
 13.4687	  1.9374	  0.1240	  1.4017	  1.0000
 13.7381	  1.9374	  7.4894	 -0.9444	  0.0000
 14.0075	  1.9374	 -0.1485	  1.2312	  1.0000
 14.2768	  1.9374	 -0.9667	  1.7106	  0.0000
 14.5462	  1.9374	  1.0197	 -4.9597	  0.0000
 14.8156	  1.9374	 -0.5044	  1.0218	  1.0000
 15.0850	  1.9374	 -0.4483	  0.9450	  1.0000
 15.3543	  1.9374	  2.9442	 -1.7457	  0.0000
  0.2694	  1.6680	 -2.5770	  2.3112	  1.0000
  0.5387	  1.6680	 -6.0391	  4.8180	  0.0000
  0.8081	  1.6680	 -2.0668	  1.5817	  1.0000
  1.0775	  1.6680	 -5.2367	  5.2600	  0.0000
  1.3469	  1.6680	  4.7550	 -8.2818	  0.0000
  1.6162	  1.6680	 -0.2771	  1.6985	  0.0000
  1.8856	  1.6680	 -4.6205	  4.5136	  0.0000
  2.1550	  1.6680	 -0.2583	  0.3138	  1.0000
  2.4244	  1.6680	 -1.5897	 -1.4542	  0.0000
  2.6937	  1.6680	  2.1084	 -1.1112	  0.0000
  2.9631	  1.6680	  0.7354	 -0.1364	  1.0000
  3.2325	  1.6680	  2.6023	 -1.8688	  0.0000
  3.5019	  1.6680	  0.5280	 -0.0254	  1.0000
  3.7712	  1.6680	  1.7691	 -0.8742	  0.0000
  4.0406	  1.6680	 -1.6193	  1.7149	  0.0000
  4.3100	  1.6680	 -1.0537	  0.4665	  1.0000
  4.5794	  1.6680	 -1.5432	  0.6851	  1.0000
  4.8487	  1.6680	 -2.7544	  1.5118	  0.0000
  5.1181	  1.6680	 -1.7704	  0.1572	  0.0000
  5.3875	  1.6680	 -3.9101	  1.4560	  0.0000
  5.6569	  1.6680	 -6.1902	  1.7246	  0.0000
  5.9262	  1.6680	 -2.3779	  1.1263	  1.0000
  6.1956	  1.6680	 -2.4897	  1.4073	  1.0000
  6.4650	  1.6680	 -2.5550	  1.5731	  1.0000
  6.7344	  1.6680	 -2.5100	  1.8803	  1.0000
  7.0037	  1.6680	 -7.0467	  6.1624	  0.0000
  7.2731	  1.6680	 -6.5306	  2.7147	  0.0000
  7.5425	  1.6680	 -1.3435	  2.7287	  0.0000
  7.8119	  1.6680	 -1.7828	  2.5375	  0.0000
  8.0812	  1.6680	 -1.9067	  3.1492	  0.0000
  8.3506	  1.6680	 -1.5456	  2.4096	  1.0000
  8.6200	  1.6680	 -1.9293	  1.8534	  0.0000
  8.8893	  1.6680	 -1.2185	  1.5599	  0.0000
  9.1587	  1.6680	 -1.1027	  1.7178	  0.0000
  9.4281	  1.6680	 -1.3630	  1.6807	  0.0000
  9.6975	  1.6680	 -1.2428	  1.8572	  0.0000
  9.9668	  1.6680	 -1.4271	  1.7809	  0.0000
 10.2362	  1.6680	 -1.5281	  1.5742	  0.0000
 10.5056	  1.6680	 -1.2802	  1.6174	  0.0000
 10.7750	  1.6680	 -1.3351	  1.5178	  0.0000
 11.0443	  1.6680	 -1.3401	  1.5077	  0.0000
 11.3137	  1.6680	 -1.1599	  1.5901	  0.0000
 11.5831	  1.6680	 -1.0242	  1.2875	  0.0000
 11.8525	  1.6680	 -1.1768	  1.1580	  0.0000
 12.1218	  1.6680	 -1.2107	  1.0901	  0.0000
 12.3912	  1.6680	 -1.0634	  1.1325	  0.0000
 12.6606	  1.6680	 -1.1653	  1.1403	  0.0000
 12.9300	  1.6680	  8.7233	  0.0614	  0.0000
 13.1993	  1.6680	 -0.1280	  1.5051	  1.0000
 13.4687	  1.6680	 -0.0414	  1.5002	  1.0000
 13.7381	  1.6680	  0.0567	  1.3285	  1.0000
 14.0075	  1.6680	 -0.0286	  1.1908	  1.0000
 14.2768	  1.6680	 -0.0497	  1.1551	  1.0000
 14.5462	  1.6680	 -0.1772	  1.0131	  1.0000
 14.8156	  1.6680	 -0.3016	  1.0082	  1.0000
 15.0850	  1.6680	 -0.1931	  0.9435	  1.0000
 15.3543	  1.6680	 -0.5514	  1.6196	  0.0000
  0.2694	  1.3987	 -2.2524	  1.7593	  1.0000
  0.5387	  1.3987	 -5.1686	  5.8498	  0.0000
  0.8081	  1.3987	 -1.7371	  1.0914	  1.0000
  1.0775	  1.3987	  5.5097	 -4.6576	  0.0000
  1.3469	  1.3987	 -1.3336	  0.8282	  1.0000
  1.6162	  1.3987	  0.0514	 -0.5176	  0.0000
  1.8856	  1.3987	 -0.6214	  0.4207	  1.0000
  2.1550	  1.3987	  1.4293	  1.3392	  0.0000
  2.4244	  1.3987	  0.1234	  0.0782	  1.0000
  2.6937	  1.3987	  0.3601	  0.1332	  1.0000
  2.9631	  1.3987	  0.7267	 -0.2139	  1.0000
  3.2325	  1.3987	  2.0204	 -1.5112	  0.0000
  3.5019	  1.3987	  6.5455	 -3.8704	  0.0000
  3.7712	  1.3987	  0.3433	 -0.1501	  1.0000
  4.0406	  1.3987	 -0.1157	  0.0019	  1.0000
  4.3100	  1.3987	 -1.6231	  2.1300	  0.0000
  4.5794	  1.3987	 -1.5137	  0.8929	  0.0000
  4.8487	  1.3987	 -1.6715	  0.5938	  1.0000
  5.1181	  1.3987	 -2.4119	  0.9752	  0.0000
  5.3875	  1.3987	 -2.0456	  0.8327	  1.0000
  5.6569	  1.3987	 -2.1997	  0.9932	  1.0000
  5.9262	  1.3987	 -2.2532	  1.1725	  1.0000
  6.1956	  1.3987	 -3.0327	  1.5682	  0.0000
  6.4650	  1.3987	 -2.9642	  1.6032	  0.0000
  6.7344	  1.3987	 -3.6819	  1.8899	  0.0000
  7.0037	  1.3987	 -3.3156	  1.9510	  0.0000
  7.2731	  1.3987	 -2.8069	  2.4336	  0.0000
  7.5425	  1.3987	 -2.7285	  2.8981	  0.0000
  7.8119	  1.3987	 -1.9994	  2.8679	  0.0000
  8.0812	  1.3987	 -1.4253	  3.2861	  0.0000
  8.3506	  1.3987	 -1.6640	  2.6022	  1.0000
  8.6200	  1.3987	 -1.5909	  2.6280	  0.0000
  8.8893	  1.3987	 -1.5147	  2.5833	  0.0000
  9.1587	  1.3987	 -1.2176	  1.5910	  0.0000
  9.4281	  1.3987	 -1.0985	  1.4362	  0.0000
  9.6975	  1.3987	 -1.1442	  1.5768	  0.0000
  9.9668	  1.3987	 -1.1410	  1.6255	  0.0000
 10.2362	  1.3987	 -1.3811	  1.9232	  0.0000
 10.5056	  1.3987	 -0.9587	  1.8975	  0.0000
 10.7750	  1.3987	 -1.0660	  1.6578	  0.0000
 11.0443	  1.3987	 -1.1254	  1.5195	  0.0000
 11.3137	  1.3987	 -1.3605	  1.4247	  0.0000
 11.5831	  1.3987	 -1.2174	  1.2754	  0.0000
 11.8525	  1.3987	 -1.1345	  1.3456	  0.0000
 12.1218	  1.3987	 -0.9994	  1.2767	  0.0000
 12.3912	  1.3987	 -1.1292	  1.3215	  0.0000
 12.6606	  1.3987	 -1.1637	  1.2620	  0.0000
 12.9300	  1.3987	 -0.3092	  1.4541	  1.0000
 13.1993	  1.3987	 -0.2757	  1.4420	  1.0000
 13.4687	  1.3987	 -0.1646	  1.4338	  1.0000
 13.7381	  1.3987	 -0.0471	  1.2633	  1.0000
 14.0075	  1.3987	 -1.4046	  1.0400	  0.0000
 14.2768	  1.3987	 -0.0446	  1.1032	  1.0000
 14.5462	  1.3987	 -0.0563	  0.9711	  1.0000
 14.8156	  1.3987	 -0.1442	  0.9742	  1.0000
 15.0850	  1.3987	 -0.6258	  1.7755	  0.0000
 15.3543	  1.3987	 -0.4892	  1.6309	  0.0000
  0.2694	  1.1293	 -5.2684	  5.6839	  0.0000
  0.5387	  1.1293	 -1.5802	  1.1190	  1.0000
  0.8081	  1.1293	 -1.3655	  0.7995	  1.0000
  1.0775	  1.1293	 -5.3700	  5.3097	  0.0000
  1.3469	  1.1293	 -1.1333	 -0.1650	  0.0000
  1.6162	  1.1293	  1.2405	 -6.6428	  0.0000
  1.8856	  1.1293	 -0.2173	  0.1477	  1.0000
  2.1550	  1.1293	 -0.0488	  0.0997	  1.0000
  2.4244	  1.1293	  0.2102	  0.0138	  1.0000
  2.6937	  1.1293	  0.4769	  0.0804	  1.0000
  2.9631	  1.1293	  0.8601	 -0.3016	  1.0000
  3.2325	  1.1293	  0.9920	 -0.4098	  1.0000
  3.5019	  1.1293	 -1.7163	  3.1351	  0.0000
  3.7712	  1.1293	  0.6508	 -0.3877	  1.0000
  4.0406	  1.1293	  0.2313	 -0.2424	  1.0000
  4.3100	  1.1293	 -0.3691	  0.1468	  1.0000
  4.5794	  1.1293	 -2.7430	  1.1708	  0.0000
  4.8487	  1.1293	 -1.3662	  0.5665	  1.0000
  5.1181	  1.1293	 -1.7359	  0.7478	  1.0000
  5.3875	  1.1293	 -2.3128	  2.0072	  0.0000
  5.6569	  1.1293	 -2.0607	  1.0652	  1.0000
  5.9262	  1.1293	 -2.1372	  1.2683	  1.0000
  6.1956	  1.1293	 -2.1669	  1.0770	  0.0000
  6.4650	  1.1293	 -2.3679	  1.6689	  1.0000
  6.7344	  1.1293	 -2.4052	  2.2091	  0.0000
  7.0037	  1.1293	 -1.7548	  1.6056	  0.0000
  7.2731	  1.1293	 -3.0697	  2.5183	  0.0000
  7.5425	  1.1293	 -2.2837	  2.0226	  0.0000
  7.8119	  1.1293	 -2.4135	  2.6776	  0.0000
  8.0812	  1.1293	 -2.6434	  3.4298	  0.0000
  8.3506	  1.1293	 -1.6105	  2.6747	  1.0000
  8.6200	  1.1293	  1.5994	  1.5900	  0.0000
  8.8893	  1.1293	 -1.9451	  3.1583	  0.0000
  9.1587	  1.1293	  1.4275	  1.4057	  0.0000
  9.4281	  1.1293	 -0.8135	  1.4516	  0.0000
  9.6975	  1.1293	 -1.2692	  1.4750	  0.0000
  9.9668	  1.1293	 -0.9577	  1.8722	  1.0000
 10.2362	  1.1293	 -0.9570	  1.8889	  0.0000
 10.5056	  1.1293	 -0.9565	  1.6791	  0.0000
 10.7750	  1.1293	 -0.9210	  1.9753	  0.0000
 11.0443	  1.1293	 -0.8895	  1.6840	  0.0000
 11.3137	  1.1293	 -1.1559	  1.4478	  0.0000
 11.5831	  1.1293	 -1.1637	  1.1932	  0.0000
 11.8525	  1.1293	 -1.1318	  1.4569	  0.0000
 12.1218	  1.1293	 -0.9966	  1.5226	  0.0000
 12.3912	  1.1293	 -1.0085	  1.4927	  0.0000
 12.6606	  1.1293	 -1.0616	  1.4188	  0.0000
 12.9300	  1.1293	 -1.0110	  1.2947	  0.0000
 13.1993	  1.1293	 -0.2656	  1.2419	  1.0000
 13.4687	  1.1293	  3.1589	  4.6715	  0.0000
 13.7381	  1.1293	 -1.2767	  1.1061	  0.0000
 14.0075	  1.1293	 -1.4793	  1.0122	  0.0000
 14.2768	  1.1293	  0.0334	  1.0691	  1.0000
 14.5462	  1.1293	  0.0377	  0.9448	  1.0000
 14.8156	  1.1293	 -0.0411	  0.9659	  1.0000
 15.0850	  1.1293	 -0.5659	  1.5047	  0.0000
 15.3543	  1.1293	 -0.5103	  1.5316	  0.0000
  0.2694	  0.8599	 -2.1186	  1.5959	  1.0000
  0.5387	  0.8599	  1.8046	  2.0316	  0.0000
  0.8081	  0.8599	 -1.3026	  0.6213	  1.0000
  1.0775	  0.8599	 -1.3697	  0.7829	  1.0000
  1.3469	  0.8599	 -0.9714	  0.4910	  1.0000
  1.6162	  0.8599	 -0.5897	  0.0401	  1.0000
  1.8856	  0.8599	 -5.5708	  5.7740	  0.0000
  2.1550	  0.8599	 -0.0273	  0.0752	  1.0000
  2.4244	  0.8599	  0.0899	  0.0224	  1.0000
  2.6937	  0.8599	  0.3576	  0.1203	  1.0000
  2.9631	  0.8599	  0.7884	 -0.3145	  1.0000
  3.2325	  0.8599	  0.9793	 -2.3445	  0.0000
  3.5019	  0.8599	  0.9165	 -0.4843	  1.0000
  3.7712	  0.8599	  1.5125	 -1.3854	  0.0000
  4.0406	  0.8599	  0.3227	 -0.3922	  1.0000
  4.3100	  0.8599	 -0.1531	  0.0217	  1.0000
  4.5794	  0.8599	 -0.7091	  0.2469	  1.0000
  4.8487	  0.8599	 -1.2725	  0.6189	  1.0000
  5.1181	  0.8599	 -2.0189	  1.4929	  0.0000
  5.3875	  0.8599	 -1.8272	  1.0262	  1.0000
  5.6569	  0.8599	 -2.0192	  1.2619	  1.0000
  5.9262	  0.8599	 -1.8408	  3.5691	  0.0000
  6.1956	  0.8599	 -1.4638	  0.7411	  0.0000
  6.4650	  0.8599	 -1.9632	  1.6154	  0.0000
  6.7344	  0.8599	 -1.5396	  1.7801	  0.0000
  7.0037	  0.8599	 -1.4755	  1.6795	  0.0000
  7.2731	  0.8599	 -2.5490	  2.1010	  0.0000
  7.5425	  0.8599	 -2.8220	  1.9602	  0.0000
  7.8119	  0.8599	 -2.0167	  2.8408	  0.0000
  8.0812	  0.8599	 -1.9999	  2.7357	  1.0000
  8.3506	  0.8599	 -1.6347	  2.7441	  1.0000
  8.6200	  0.8599	 -1.3710	  2.7080	  1.0000
  8.8893	  0.8599	 -1.8843	  4.1769	  0.0000
  9.1587	  0.8599	 -1.9774	  4.2145	  0.0000
  9.4281	  0.8599	  1.5582	  1.7407	  0.0000
  9.6975	  0.8599	 -1.1299	  1.7125	  0.0000
  9.9668	  0.8599	 -1.0015	  1.8264	  0.0000
 10.2362	  0.8599	 -0.9021	  1.6350	  0.0000
 10.5056	  0.8599	 -1.0488	  1.8189	  0.0000
 10.7750	  0.8599	 -0.6774	  1.5068	  0.0000
 11.0443	  0.8599	 -0.5992	  1.4892	  0.0000
 11.3137	  0.8599	 -0.7457	  1.4024	  0.0000
 11.5831	  0.8599	 -0.6601	  1.1515	  0.0000
 11.8525	  0.8599	 -0.7533	  1.0815	  0.0000
 12.1218	  0.8599	 -0.8995	  1.3066	  0.0000
 12.3912	  0.8599	 -1.0751	  1.4315	  0.0000
 12.6606	  0.8599	 -1.0702	  1.4460	  0.0000
 12.9300	  0.8599	 -0.9292	  1.3499	  0.0000
 13.1993	  0.8599	 -0.8737	  1.3793	  0.0000
 13.4687	  0.8599	 -0.8876	  1.2988	  0.0000
 13.7381	  0.8599	 -1.1014	  1.2993	  0.0000
 14.0075	  0.8599	 -1.2971	  0.9944	  0.0000
 14.2768	  0.8599	 -0.1246	  1.2418	  1.0000
 14.5462	  0.8599	 -0.1782	  1.1720	  1.0000
 14.8156	  0.8599	  3.4965	  1.6079	  0.0000
 15.0850	  0.8599	  0.0777	  1.2287	  1.0000
 15.3543	  0.8599	 -0.4695	  1.4103	  0.0000
  0.2694	  0.5906	 -5.2737	  5.7527	  0.0000
  0.5387	  0.5906	 -2.0019	  5.7154	  0.0000
  0.8081	  0.5906	 -5.1849	 -8.8659	  0.0000
  1.0775	  0.5906	  6.8349	 -8.7662	  0.0000
  1.3469	  0.5906	 -0.7673	  0.2869	  1.0000
  1.6162	  0.5906	 -0.4364	 -0.0749	  1.0000
  1.8856	  0.5906	 -0.0251	  0.0767	  1.0000
  2.1550	  0.5906	 -5.7048	  6.0538	  0.0000
  2.4244	  0.5906	  0.1249	 -0.0179	  1.0000
  2.6937	  0.5906	  0.4168	  0.1509	  1.0000
  2.9631	  0.5906	  0.7511	 -0.2170	  1.0000
  3.2325	  0.5906	  1.0044	 -0.4616	  1.0000
  3.5019	  0.5906	  0.9325	 -0.5168	  1.0000
  3.7712	  0.5906	  1.2427	 -2.1417	  0.0000
  4.0406	  0.5906	  0.9023	 -1.5109	  0.0000
  4.3100	  0.5906	  0.4825	 -1.5695	  0.0000
  4.5794	  0.5906	  0.7275	 -1.2983	  0.0000
  4.8487	  0.5906	 -1.7262	 -0.7129	  0.0000
  5.1181	  0.5906	 -1.1776	  1.8610	  0.0000
  5.3875	  0.5906	 -1.5770	  0.9924	  1.0000
  5.6569	  0.5906	 -1.7885	  1.2537	  1.0000
  5.9262	  0.5906	 -1.9064	  1.5019	  1.0000
  6.1956	  0.5906	 -1.9571	  1.6096	  1.0000
  6.4650	  0.5906	 -2.0414	  1.7899	  1.0000
  6.7344	  0.5906	 -1.6555	  2.0674	  0.0000
  7.0037	  0.5906	 -2.1020	  2.0611	  1.0000
  7.2731	  0.5906	 -1.7547	  2.5040	  0.0000
  7.5425	  0.5906	 -2.1086	  2.4390	  1.0000
  7.8119	  0.5906	 -2.0257	  2.6239	  1.0000
  8.0812	  0.5906	 -1.9358	  2.7994	  1.0000
  8.3506	  0.5906	 -1.6525	  2.8379	  1.0000
  8.6200	  0.5906	 -4.8058	  6.3014	  0.0000
  8.8893	  0.5906	 -1.2221	  2.7172	  1.0000
  9.1587	  0.5906	 -2.2751	  4.4626	  0.0000
  9.4281	  0.5906	  1.6294	  1.6547	  0.0000
  9.6975	  0.5906	 -1.1188	  1.6899	  0.0000
  9.9668	  0.5906	 -1.1574	  1.6596	  0.0000
 10.2362	  0.5906	 -0.9399	  1.6465	  0.0000
 10.5056	  0.5906	 -1.1406	  1.7196	  0.0000
 10.7750	  0.5906	 -0.5276	  1.7768	  0.0000
 11.0443	  0.5906	 -0.6561	  1.5640	  0.0000
 11.3137	  0.5906	 -0.6607	  1.5292	  0.0000
 11.5831	  0.5906	 -0.6156	  1.4281	  0.0000
 11.8525	  0.5906	 -0.6791	  1.3000	  0.0000
 12.1218	  0.5906	 -0.7137	  1.1204	  0.0000
 12.3912	  0.5906	 -0.8504	  1.2490	  0.0000
 12.6606	  0.5906	 -0.9843	  1.3879	  0.0000
 12.9300	  0.5906	 -1.0844	  1.2104	  0.0000
 13.1993	  0.5906	 -0.7681	  1.3058	  1.0000
 13.4687	  0.5906	 -0.6724	  1.1117	  0.0000
 13.7381	  0.5906	 -1.0468	  0.9740	  0.0000
 14.0075	  0.5906	 -1.1070	  0.7127	  0.0000
 14.2768	  0.5906	 -0.1531	  1.2588	  1.0000
 14.5462	  0.5906	 -0.2024	  1.1756	  1.0000
 14.8156	  0.5906	  2.5512	  1.6011	  0.0000
 15.0850	  0.5906	 -0.1045	  0.9570	  0.0000
 15.3543	  0.5906	 -0.2738	  1.0338	  0.0000
  0.2694	  0.3212	 -1.9264	  1.1164	  1.0000
  0.5387	  0.3212	 -3.5563	  0.6259	  0.0000
  0.8081	  0.3212	 -4.6972	  5.0007	  0.0000
  1.0775	  0.3212	  1.5785	 -0.1870	  0.0000
  1.3469	  0.3212	  4.4149	 -2.9786	  0.0000
  1.6162	  0.3212	 -0.6417	 -0.0650	  1.0000
  1.8856	  0.3212	 -0.1947	  0.1437	  1.0000
  2.1550	  0.3212	  1.4568	  0.1181	  0.0000
  2.4244	  0.3212	  1.5924	  2.0637	  0.0000
  2.6937	  0.3212	  0.1472	  0.3043	  1.0000
  2.9631	  0.3212	  0.5126	 -0.1252	  1.0000
  3.2325	  0.3212	  0.6163	 -4.1839	  0.0000
  3.5019	  0.3212	  2.2591	  0.4313	  0.0000
  3.7712	  0.3212	  1.4914	 -2.4977	  0.0000
  4.0406	  0.3212	  3.6274	  1.7476	  0.0000
  4.3100	  0.3212	  0.0277	 -0.1157	  1.0000
  4.5794	  0.3212	  0.3400	 -1.2488	  0.0000
  4.8487	  0.3212	 -0.7940	  0.4298	  1.0000
  5.1181	  0.3212	 -1.2669	  0.7573	  1.0000
  5.3875	  0.3212	 -1.4206	  1.0058	  1.0000
  5.6569	  0.3212	 -1.6332	  1.3071	  1.0000
  5.9262	  0.3212	 -1.7158	  1.5690	  1.0000
  6.1956	  0.3212	  1.6600	  1.7884	  0.0000
  6.4650	  0.3212	 -1.8250	  1.8303	  1.0000
  6.7344	  0.3212	 -1.8729	  1.9561	  1.0000
  7.0037	  0.3212	 -1.8943	  2.0331	  1.0000
  7.2731	  0.3212	 -1.5910	  2.3904	  0.0000
  7.5425	  0.3212	 -1.7495	  2.4805	  0.0000
  7.8119	  0.3212	 -1.6178	  2.3528	  0.0000
  8.0812	  0.3212	 -1.9299	  2.8106	  1.0000
  8.3506	  0.3212	 -1.6326	  2.8888	  1.0000
  8.6200	  0.3212	 -2.1208	  3.2117	  0.0000
  8.8893	  0.3212	 -1.1833	  2.8362	  1.0000
  9.1587	  0.3212	  2.1848	  1.6193	  0.0000
  9.4281	  0.3212	 -2.0086	  4.9729	  0.0000
  9.6975	  0.3212	 -1.5444	  3.1502	  0.0000
  9.9668	  0.3212	 -0.6796	  2.0407	  1.0000
 10.2362	  0.3212	 -0.6189	  1.4438	  0.0000
 10.5056	  0.3212	 -0.4270	  1.4896	  0.0000
 10.7750	  0.3212	 -0.7855	  1.6131	  1.0000
 11.0443	  0.3212	 -0.2296	  1.7361	  0.0000
 11.3137	  0.3212	 -0.3750	  1.5275	  0.0000
 11.5831	  0.3212	 -0.5519	  1.4224	  0.0000
 11.8525	  0.3212	 -0.4766	  1.2448	  0.0000
 12.1218	  0.3212	 -0.8512	  1.3271	  1.0000
 12.3912	  0.3212	 -0.8468	  1.2872	  1.0000
 12.6606	  0.3212	 -0.7182	  0.8201	  0.0000
 12.9300	  0.3212	 -0.7434	  1.3043	  0.0000
 13.1993	  0.3212	 -0.7675	  0.9453	  0.0000
 13.4687	  0.3212	 -0.6694	  1.2811	  1.0000
 13.7381	  0.3212	 -0.7126	  0.6185	  0.0000
 14.0075	  0.3212	 -0.7412	  0.7553	  0.0000
 14.2768	  0.3212	 -0.1137	  1.2733	  1.0000
 14.5462	  0.3212	 -0.1666	  1.1655	  1.0000
 14.8156	  0.3212	 -0.0220	  1.1932	  1.0000
 15.0850	  0.3212	  0.2048	  1.2581	  1.0000
 15.3543	  0.3212	  0.2799	  1.2600	  1.0000
